(kicad_pcb (version 20170123) (host pcbnew no-vcs-found-01f5a12~58~ubuntu14.04.1)

  (general
    (links 9)
    (no_connects 9)
    (area 161.0175 61.374999 171.6925 115.875001)
    (thickness 1.6)
    (drawings 0)
    (tracks 0)
    (zones 0)
    (modules 10)
    (nets 12)
  )

  (page A4)
  (layers
    (0 F.Cu signal)
    (31 B.Cu signal)
    (32 B.Adhes user)
    (33 F.Adhes user)
    (34 B.Paste user)
    (35 F.Paste user)
    (36 B.SilkS user)
    (37 F.SilkS user)
    (38 B.Mask user)
    (39 F.Mask user)
    (40 Dwgs.User user)
    (41 Cmts.User user)
    (42 Eco1.User user)
    (43 Eco2.User user)
    (44 Edge.Cuts user)
    (45 Margin user)
    (46 B.CrtYd user)
    (47 F.CrtYd user)
    (48 B.Fab user)
    (49 F.Fab user)
  )

  (setup
    (last_trace_width 0.25)
    (trace_clearance 0.2)
    (zone_clearance 0.508)
    (zone_45_only no)
    (trace_min 0.2)
    (segment_width 0.2)
    (edge_width 0.15)
    (via_size 0.8)
    (via_drill 0.4)
    (via_min_size 0.4)
    (via_min_drill 0.3)
    (uvia_size 0.3)
    (uvia_drill 0.1)
    (uvias_allowed no)
    (uvia_min_size 0.2)
    (uvia_min_drill 0.1)
    (pcb_text_width 0.3)
    (pcb_text_size 1.5 1.5)
    (mod_edge_width 0.15)
    (mod_text_size 1 1)
    (mod_text_width 0.15)
    (pad_size 1.524 1.524)
    (pad_drill 0.762)
    (pad_to_mask_clearance 0.2)
    (aux_axis_origin 0 0)
    (visible_elements FFFFFF7F)
    (pcbplotparams
      (layerselection 0x00030_ffffffff)
      (usegerberextensions false)
      (excludeedgelayer true)
      (linewidth 0.100000)
      (plotframeref false)
      (viasonmask false)
      (mode 1)
      (useauxorigin false)
      (hpglpennumber 1)
      (hpglpenspeed 20)
      (hpglpendiameter 15)
      (psnegative false)
      (psa4output false)
      (plotreference true)
      (plotvalue true)
      (plotinvisibletext false)
      (padsonsilk false)
      (subtractmaskfromsilk false)
      (outputformat 1)
      (mirror false)
      (drillshape 1)
      (scaleselection 1)
      (outputdirectory ""))
  )

  (net 0 "")
  (net 1 "Net-(D1-Pad2)")
  (net 2 "Net-(D1-Pad1)")
  (net 3 "Net-(D2-Pad1)")
  (net 4 "Net-(D3-Pad1)")
  (net 5 "Net-(D4-Pad1)")
  (net 6 "Net-(D5-Pad1)")
  (net 7 "Net-(D6-Pad1)")
  (net 8 "Net-(D7-Pad1)")
  (net 9 "Net-(D8-Pad1)")
  (net 10 "Net-(D10-Pad2)")
  (net 11 GND)

  (net_class Default "This is the default net class."
    (clearance 0.2)
    (trace_width 0.25)
    (via_dia 0.8)
    (via_drill 0.4)
    (uvia_dia 0.3)
    (uvia_drill 0.1)
    (add_net GND)
    (add_net "Net-(D1-Pad1)")
    (add_net "Net-(D1-Pad2)")
    (add_net "Net-(D10-Pad2)")
    (add_net "Net-(D2-Pad1)")
    (add_net "Net-(D3-Pad1)")
    (add_net "Net-(D4-Pad1)")
    (add_net "Net-(D5-Pad1)")
    (add_net "Net-(D6-Pad1)")
    (add_net "Net-(D7-Pad1)")
    (add_net "Net-(D8-Pad1)")
  )

  (module lib:LED-3030 (layer F.Cu) (tedit 58F780A0) (tstamp 5917B450)
    (at 167.6 113.2 90)
    (descr "LED, 3030, 3.0mmx3.0mm")
    (tags LED)
    (path /58F77C36)
    (attr smd)
    (fp_text reference D10 (at 0.3 -5.425 90) (layer F.SilkS)
      (effects (font (size 1 1) (thickness 0.15)))
    )
    (fp_text value LED (at 0 3 90) (layer F.Fab)
      (effects (font (size 1 1) (thickness 0.15)))
    )
    (fp_line (start -2.4 -1.675) (end -2.4 1.725) (layer F.Fab) (width 0.15))
    (fp_line (start -2.4 1.725) (end 1.5 1.725) (layer F.Fab) (width 0.15))
    (fp_line (start 1.5 1.725) (end 1.5 -1.675) (layer F.Fab) (width 0.15))
    (fp_line (start 1.5 -1.675) (end -2.4 -1.675) (layer F.Fab) (width 0.15))
    (fp_line (start -1.775 -1.9) (end 1.225 -1.9) (layer F.SilkS) (width 0.15))
    (fp_line (start -1.85 1.925) (end 1.15 1.925) (layer F.SilkS) (width 0.15))
    (fp_line (start -2.25 -1.8) (end -2.25 1.85) (layer F.CrtYd) (width 0.05))
    (fp_line (start -2.25 1.85) (end 1.8 1.85) (layer F.CrtYd) (width 0.05))
    (fp_line (start 1.8 1.85) (end 1.8 -1.8) (layer F.CrtYd) (width 0.05))
    (fp_line (start 1.8 -1.8) (end -2.25 -1.8) (layer F.CrtYd) (width 0.05))
    (pad 1 smd rect (at -1.1 0 90) (size 2 3) (layers F.Cu F.Paste F.Mask)
      (net 11 GND))
    (pad 2 smd rect (at 0.9 0 90) (size 0.9 3) (layers F.Cu F.Paste F.Mask)
      (net 10 "Net-(D10-Pad2)"))
    (model Inductors.3dshapes/Inductor_Taiyo-Yuden_MD-3030.wrl
      (at (xyz 0 0 0))
      (scale (xyz 1 1 1))
      (rotate (xyz 0 0 0))
    )
  )

  (module lib:LED-3030 (layer F.Cu) (tedit 58F780A0) (tstamp 5917B422)
    (at 167.6 107.9 90)
    (descr "LED, 3030, 3.0mmx3.0mm")
    (tags LED)
    (path /58F77C06)
    (attr smd)
    (fp_text reference D9 (at 0.3 -5.425 90) (layer F.SilkS)
      (effects (font (size 1 1) (thickness 0.15)))
    )
    (fp_text value LED (at 0 3 90) (layer F.Fab)
      (effects (font (size 1 1) (thickness 0.15)))
    )
    (fp_line (start 1.8 -1.8) (end -2.25 -1.8) (layer F.CrtYd) (width 0.05))
    (fp_line (start 1.8 1.85) (end 1.8 -1.8) (layer F.CrtYd) (width 0.05))
    (fp_line (start -2.25 1.85) (end 1.8 1.85) (layer F.CrtYd) (width 0.05))
    (fp_line (start -2.25 -1.8) (end -2.25 1.85) (layer F.CrtYd) (width 0.05))
    (fp_line (start -1.85 1.925) (end 1.15 1.925) (layer F.SilkS) (width 0.15))
    (fp_line (start -1.775 -1.9) (end 1.225 -1.9) (layer F.SilkS) (width 0.15))
    (fp_line (start 1.5 -1.675) (end -2.4 -1.675) (layer F.Fab) (width 0.15))
    (fp_line (start 1.5 1.725) (end 1.5 -1.675) (layer F.Fab) (width 0.15))
    (fp_line (start -2.4 1.725) (end 1.5 1.725) (layer F.Fab) (width 0.15))
    (fp_line (start -2.4 -1.675) (end -2.4 1.725) (layer F.Fab) (width 0.15))
    (pad 2 smd rect (at 0.9 0 90) (size 0.9 3) (layers F.Cu F.Paste F.Mask)
      (net 9 "Net-(D8-Pad1)"))
    (pad 1 smd rect (at -1.1 0 90) (size 2 3) (layers F.Cu F.Paste F.Mask)
      (net 10 "Net-(D10-Pad2)"))
    (model Inductors.3dshapes/Inductor_Taiyo-Yuden_MD-3030.wrl
      (at (xyz 0 0 0))
      (scale (xyz 1 1 1))
      (rotate (xyz 0 0 0))
    )
  )

  (module lib:LED-3030 (layer F.Cu) (tedit 58F780A0) (tstamp 5917B3F4)
    (at 167.4 102.1 90)
    (descr "LED, 3030, 3.0mmx3.0mm")
    (tags LED)
    (path /58F77BE4)
    (attr smd)
    (fp_text reference D8 (at 0.3 -5.425 90) (layer F.SilkS)
      (effects (font (size 1 1) (thickness 0.15)))
    )
    (fp_text value LED (at 0 3 90) (layer F.Fab)
      (effects (font (size 1 1) (thickness 0.15)))
    )
    (fp_line (start -2.4 -1.675) (end -2.4 1.725) (layer F.Fab) (width 0.15))
    (fp_line (start -2.4 1.725) (end 1.5 1.725) (layer F.Fab) (width 0.15))
    (fp_line (start 1.5 1.725) (end 1.5 -1.675) (layer F.Fab) (width 0.15))
    (fp_line (start 1.5 -1.675) (end -2.4 -1.675) (layer F.Fab) (width 0.15))
    (fp_line (start -1.775 -1.9) (end 1.225 -1.9) (layer F.SilkS) (width 0.15))
    (fp_line (start -1.85 1.925) (end 1.15 1.925) (layer F.SilkS) (width 0.15))
    (fp_line (start -2.25 -1.8) (end -2.25 1.85) (layer F.CrtYd) (width 0.05))
    (fp_line (start -2.25 1.85) (end 1.8 1.85) (layer F.CrtYd) (width 0.05))
    (fp_line (start 1.8 1.85) (end 1.8 -1.8) (layer F.CrtYd) (width 0.05))
    (fp_line (start 1.8 -1.8) (end -2.25 -1.8) (layer F.CrtYd) (width 0.05))
    (pad 1 smd rect (at -1.1 0 90) (size 2 3) (layers F.Cu F.Paste F.Mask)
      (net 9 "Net-(D8-Pad1)"))
    (pad 2 smd rect (at 0.9 0 90) (size 0.9 3) (layers F.Cu F.Paste F.Mask)
      (net 8 "Net-(D7-Pad1)"))
    (model Inductors.3dshapes/Inductor_Taiyo-Yuden_MD-3030.wrl
      (at (xyz 0 0 0))
      (scale (xyz 1 1 1))
      (rotate (xyz 0 0 0))
    )
  )

  (module lib:LED-3030 (layer F.Cu) (tedit 58F780A0) (tstamp 5917B3C6)
    (at 167.4 96.5 90)
    (descr "LED, 3030, 3.0mmx3.0mm")
    (tags LED)
    (path /58F77BC4)
    (attr smd)
    (fp_text reference D7 (at 0.3 -5.425 90) (layer F.SilkS)
      (effects (font (size 1 1) (thickness 0.15)))
    )
    (fp_text value LED (at 0 3 90) (layer F.Fab)
      (effects (font (size 1 1) (thickness 0.15)))
    )
    (fp_line (start 1.8 -1.8) (end -2.25 -1.8) (layer F.CrtYd) (width 0.05))
    (fp_line (start 1.8 1.85) (end 1.8 -1.8) (layer F.CrtYd) (width 0.05))
    (fp_line (start -2.25 1.85) (end 1.8 1.85) (layer F.CrtYd) (width 0.05))
    (fp_line (start -2.25 -1.8) (end -2.25 1.85) (layer F.CrtYd) (width 0.05))
    (fp_line (start -1.85 1.925) (end 1.15 1.925) (layer F.SilkS) (width 0.15))
    (fp_line (start -1.775 -1.9) (end 1.225 -1.9) (layer F.SilkS) (width 0.15))
    (fp_line (start 1.5 -1.675) (end -2.4 -1.675) (layer F.Fab) (width 0.15))
    (fp_line (start 1.5 1.725) (end 1.5 -1.675) (layer F.Fab) (width 0.15))
    (fp_line (start -2.4 1.725) (end 1.5 1.725) (layer F.Fab) (width 0.15))
    (fp_line (start -2.4 -1.675) (end -2.4 1.725) (layer F.Fab) (width 0.15))
    (pad 2 smd rect (at 0.9 0 90) (size 0.9 3) (layers F.Cu F.Paste F.Mask)
      (net 7 "Net-(D6-Pad1)"))
    (pad 1 smd rect (at -1.1 0 90) (size 2 3) (layers F.Cu F.Paste F.Mask)
      (net 8 "Net-(D7-Pad1)"))
    (model Inductors.3dshapes/Inductor_Taiyo-Yuden_MD-3030.wrl
      (at (xyz 0 0 0))
      (scale (xyz 1 1 1))
      (rotate (xyz 0 0 0))
    )
  )

  (module lib:LED-3030 (layer F.Cu) (tedit 58F780A0) (tstamp 5917B398)
    (at 167.5 91.1 90)
    (descr "LED, 3030, 3.0mmx3.0mm")
    (tags LED)
    (path /58F77AB8)
    (attr smd)
    (fp_text reference D6 (at 0.3 -5.425 90) (layer F.SilkS)
      (effects (font (size 1 1) (thickness 0.15)))
    )
    (fp_text value LED (at 0 3 90) (layer F.Fab)
      (effects (font (size 1 1) (thickness 0.15)))
    )
    (fp_line (start -2.4 -1.675) (end -2.4 1.725) (layer F.Fab) (width 0.15))
    (fp_line (start -2.4 1.725) (end 1.5 1.725) (layer F.Fab) (width 0.15))
    (fp_line (start 1.5 1.725) (end 1.5 -1.675) (layer F.Fab) (width 0.15))
    (fp_line (start 1.5 -1.675) (end -2.4 -1.675) (layer F.Fab) (width 0.15))
    (fp_line (start -1.775 -1.9) (end 1.225 -1.9) (layer F.SilkS) (width 0.15))
    (fp_line (start -1.85 1.925) (end 1.15 1.925) (layer F.SilkS) (width 0.15))
    (fp_line (start -2.25 -1.8) (end -2.25 1.85) (layer F.CrtYd) (width 0.05))
    (fp_line (start -2.25 1.85) (end 1.8 1.85) (layer F.CrtYd) (width 0.05))
    (fp_line (start 1.8 1.85) (end 1.8 -1.8) (layer F.CrtYd) (width 0.05))
    (fp_line (start 1.8 -1.8) (end -2.25 -1.8) (layer F.CrtYd) (width 0.05))
    (pad 1 smd rect (at -1.1 0 90) (size 2 3) (layers F.Cu F.Paste F.Mask)
      (net 7 "Net-(D6-Pad1)"))
    (pad 2 smd rect (at 0.9 0 90) (size 0.9 3) (layers F.Cu F.Paste F.Mask)
      (net 6 "Net-(D5-Pad1)"))
    (model Inductors.3dshapes/Inductor_Taiyo-Yuden_MD-3030.wrl
      (at (xyz 0 0 0))
      (scale (xyz 1 1 1))
      (rotate (xyz 0 0 0))
    )
  )

  (module lib:LED-3030 (layer F.Cu) (tedit 58F780A0) (tstamp 5917B36A)
    (at 167.5 85.8 90)
    (descr "LED, 3030, 3.0mmx3.0mm")
    (tags LED)
    (path /58F77D83)
    (attr smd)
    (fp_text reference D5 (at 0.3 -5.425 90) (layer F.SilkS)
      (effects (font (size 1 1) (thickness 0.15)))
    )
    (fp_text value LED (at 0 3 90) (layer F.Fab)
      (effects (font (size 1 1) (thickness 0.15)))
    )
    (fp_line (start 1.8 -1.8) (end -2.25 -1.8) (layer F.CrtYd) (width 0.05))
    (fp_line (start 1.8 1.85) (end 1.8 -1.8) (layer F.CrtYd) (width 0.05))
    (fp_line (start -2.25 1.85) (end 1.8 1.85) (layer F.CrtYd) (width 0.05))
    (fp_line (start -2.25 -1.8) (end -2.25 1.85) (layer F.CrtYd) (width 0.05))
    (fp_line (start -1.85 1.925) (end 1.15 1.925) (layer F.SilkS) (width 0.15))
    (fp_line (start -1.775 -1.9) (end 1.225 -1.9) (layer F.SilkS) (width 0.15))
    (fp_line (start 1.5 -1.675) (end -2.4 -1.675) (layer F.Fab) (width 0.15))
    (fp_line (start 1.5 1.725) (end 1.5 -1.675) (layer F.Fab) (width 0.15))
    (fp_line (start -2.4 1.725) (end 1.5 1.725) (layer F.Fab) (width 0.15))
    (fp_line (start -2.4 -1.675) (end -2.4 1.725) (layer F.Fab) (width 0.15))
    (pad 2 smd rect (at 0.9 0 90) (size 0.9 3) (layers F.Cu F.Paste F.Mask)
      (net 5 "Net-(D4-Pad1)"))
    (pad 1 smd rect (at -1.1 0 90) (size 2 3) (layers F.Cu F.Paste F.Mask)
      (net 6 "Net-(D5-Pad1)"))
    (model Inductors.3dshapes/Inductor_Taiyo-Yuden_MD-3030.wrl
      (at (xyz 0 0 0))
      (scale (xyz 1 1 1))
      (rotate (xyz 0 0 0))
    )
  )

  (module lib:LED-3030 (layer F.Cu) (tedit 58F780A0) (tstamp 5917B33C)
    (at 167.5 80.6 90)
    (descr "LED, 3030, 3.0mmx3.0mm")
    (tags LED)
    (path /58F77DE1)
    (attr smd)
    (fp_text reference D4 (at 0.3 -5.425 90) (layer F.SilkS)
      (effects (font (size 1 1) (thickness 0.15)))
    )
    (fp_text value LED (at 0 3 90) (layer F.Fab)
      (effects (font (size 1 1) (thickness 0.15)))
    )
    (fp_line (start -2.4 -1.675) (end -2.4 1.725) (layer F.Fab) (width 0.15))
    (fp_line (start -2.4 1.725) (end 1.5 1.725) (layer F.Fab) (width 0.15))
    (fp_line (start 1.5 1.725) (end 1.5 -1.675) (layer F.Fab) (width 0.15))
    (fp_line (start 1.5 -1.675) (end -2.4 -1.675) (layer F.Fab) (width 0.15))
    (fp_line (start -1.775 -1.9) (end 1.225 -1.9) (layer F.SilkS) (width 0.15))
    (fp_line (start -1.85 1.925) (end 1.15 1.925) (layer F.SilkS) (width 0.15))
    (fp_line (start -2.25 -1.8) (end -2.25 1.85) (layer F.CrtYd) (width 0.05))
    (fp_line (start -2.25 1.85) (end 1.8 1.85) (layer F.CrtYd) (width 0.05))
    (fp_line (start 1.8 1.85) (end 1.8 -1.8) (layer F.CrtYd) (width 0.05))
    (fp_line (start 1.8 -1.8) (end -2.25 -1.8) (layer F.CrtYd) (width 0.05))
    (pad 1 smd rect (at -1.1 0 90) (size 2 3) (layers F.Cu F.Paste F.Mask)
      (net 5 "Net-(D4-Pad1)"))
    (pad 2 smd rect (at 0.9 0 90) (size 0.9 3) (layers F.Cu F.Paste F.Mask)
      (net 4 "Net-(D3-Pad1)"))
    (model Inductors.3dshapes/Inductor_Taiyo-Yuden_MD-3030.wrl
      (at (xyz 0 0 0))
      (scale (xyz 1 1 1))
      (rotate (xyz 0 0 0))
    )
  )

  (module lib:LED-3030 (layer F.Cu) (tedit 58F780A0) (tstamp 5917B30E)
    (at 167.5 75.6 90)
    (descr "LED, 3030, 3.0mmx3.0mm")
    (tags LED)
    (path /58F77E0D)
    (attr smd)
    (fp_text reference D3 (at 0.3 -5.425 90) (layer F.SilkS)
      (effects (font (size 1 1) (thickness 0.15)))
    )
    (fp_text value LED (at 0 3 90) (layer F.Fab)
      (effects (font (size 1 1) (thickness 0.15)))
    )
    (fp_line (start 1.8 -1.8) (end -2.25 -1.8) (layer F.CrtYd) (width 0.05))
    (fp_line (start 1.8 1.85) (end 1.8 -1.8) (layer F.CrtYd) (width 0.05))
    (fp_line (start -2.25 1.85) (end 1.8 1.85) (layer F.CrtYd) (width 0.05))
    (fp_line (start -2.25 -1.8) (end -2.25 1.85) (layer F.CrtYd) (width 0.05))
    (fp_line (start -1.85 1.925) (end 1.15 1.925) (layer F.SilkS) (width 0.15))
    (fp_line (start -1.775 -1.9) (end 1.225 -1.9) (layer F.SilkS) (width 0.15))
    (fp_line (start 1.5 -1.675) (end -2.4 -1.675) (layer F.Fab) (width 0.15))
    (fp_line (start 1.5 1.725) (end 1.5 -1.675) (layer F.Fab) (width 0.15))
    (fp_line (start -2.4 1.725) (end 1.5 1.725) (layer F.Fab) (width 0.15))
    (fp_line (start -2.4 -1.675) (end -2.4 1.725) (layer F.Fab) (width 0.15))
    (pad 2 smd rect (at 0.9 0 90) (size 0.9 3) (layers F.Cu F.Paste F.Mask)
      (net 3 "Net-(D2-Pad1)"))
    (pad 1 smd rect (at -1.1 0 90) (size 2 3) (layers F.Cu F.Paste F.Mask)
      (net 4 "Net-(D3-Pad1)"))
    (model Inductors.3dshapes/Inductor_Taiyo-Yuden_MD-3030.wrl
      (at (xyz 0 0 0))
      (scale (xyz 1 1 1))
      (rotate (xyz 0 0 0))
    )
  )

  (module lib:LED-3030 (layer F.Cu) (tedit 58F780A0) (tstamp 5917B2E0)
    (at 167.5 69.9 90)
    (descr "LED, 3030, 3.0mmx3.0mm")
    (tags LED)
    (path /58F77ED7)
    (attr smd)
    (fp_text reference D2 (at 0.3 -5.425 90) (layer F.SilkS)
      (effects (font (size 1 1) (thickness 0.15)))
    )
    (fp_text value LED (at 0 3 90) (layer F.Fab)
      (effects (font (size 1 1) (thickness 0.15)))
    )
    (fp_line (start -2.4 -1.675) (end -2.4 1.725) (layer F.Fab) (width 0.15))
    (fp_line (start -2.4 1.725) (end 1.5 1.725) (layer F.Fab) (width 0.15))
    (fp_line (start 1.5 1.725) (end 1.5 -1.675) (layer F.Fab) (width 0.15))
    (fp_line (start 1.5 -1.675) (end -2.4 -1.675) (layer F.Fab) (width 0.15))
    (fp_line (start -1.775 -1.9) (end 1.225 -1.9) (layer F.SilkS) (width 0.15))
    (fp_line (start -1.85 1.925) (end 1.15 1.925) (layer F.SilkS) (width 0.15))
    (fp_line (start -2.25 -1.8) (end -2.25 1.85) (layer F.CrtYd) (width 0.05))
    (fp_line (start -2.25 1.85) (end 1.8 1.85) (layer F.CrtYd) (width 0.05))
    (fp_line (start 1.8 1.85) (end 1.8 -1.8) (layer F.CrtYd) (width 0.05))
    (fp_line (start 1.8 -1.8) (end -2.25 -1.8) (layer F.CrtYd) (width 0.05))
    (pad 1 smd rect (at -1.1 0 90) (size 2 3) (layers F.Cu F.Paste F.Mask)
      (net 3 "Net-(D2-Pad1)"))
    (pad 2 smd rect (at 0.9 0 90) (size 0.9 3) (layers F.Cu F.Paste F.Mask)
      (net 2 "Net-(D1-Pad1)"))
    (model Inductors.3dshapes/Inductor_Taiyo-Yuden_MD-3030.wrl
      (at (xyz 0 0 0))
      (scale (xyz 1 1 1))
      (rotate (xyz 0 0 0))
    )
  )

  (module lib:LED-3030 (layer F.Cu) (tedit 58F780A0) (tstamp 5917B2B2)
    (at 167.6 63.4 90)
    (descr "LED, 3030, 3.0mmx3.0mm")
    (tags LED)
    (path /58F77F2D)
    (attr smd)
    (fp_text reference D1 (at 0.3 -5.425 90) (layer F.SilkS)
      (effects (font (size 1 1) (thickness 0.15)))
    )
    (fp_text value LED (at 0 3 90) (layer F.Fab)
      (effects (font (size 1 1) (thickness 0.15)))
    )
    (fp_line (start 1.8 -1.8) (end -2.25 -1.8) (layer F.CrtYd) (width 0.05))
    (fp_line (start 1.8 1.85) (end 1.8 -1.8) (layer F.CrtYd) (width 0.05))
    (fp_line (start -2.25 1.85) (end 1.8 1.85) (layer F.CrtYd) (width 0.05))
    (fp_line (start -2.25 -1.8) (end -2.25 1.85) (layer F.CrtYd) (width 0.05))
    (fp_line (start -1.85 1.925) (end 1.15 1.925) (layer F.SilkS) (width 0.15))
    (fp_line (start -1.775 -1.9) (end 1.225 -1.9) (layer F.SilkS) (width 0.15))
    (fp_line (start 1.5 -1.675) (end -2.4 -1.675) (layer F.Fab) (width 0.15))
    (fp_line (start 1.5 1.725) (end 1.5 -1.675) (layer F.Fab) (width 0.15))
    (fp_line (start -2.4 1.725) (end 1.5 1.725) (layer F.Fab) (width 0.15))
    (fp_line (start -2.4 -1.675) (end -2.4 1.725) (layer F.Fab) (width 0.15))
    (pad 2 smd rect (at 0.9 0 90) (size 0.9 3) (layers F.Cu F.Paste F.Mask)
      (net 1 "Net-(D1-Pad2)"))
    (pad 1 smd rect (at -1.1 0 90) (size 2 3) (layers F.Cu F.Paste F.Mask)
      (net 2 "Net-(D1-Pad1)"))
    (model Inductors.3dshapes/Inductor_Taiyo-Yuden_MD-3030.wrl
      (at (xyz 0 0 0))
      (scale (xyz 1 1 1))
      (rotate (xyz 0 0 0))
    )
  )

)
