(kicad_pcb (version 20170123) (host pcbnew no-vcs-found-cb2f3d6~59~ubuntu16.04.1)

  (general
    (thickness 1.6)
    (drawings 14)
    (tracks 376)
    (zones 0)
    (modules 121)
    (nets 100)
  )

  (page A4)
  (title_block
    (title "50W LED Panel")
    (date 2017-05-08)
    (company "Focus Away")
    (comment 1 "Copyright Fabrizio Tappero")
  )

  (layers
    (0 TOP.Cu signal)
    (31 BOT.Cu signal)
    (32 B.Adhes user)
    (33 F.Adhes user)
    (34 B.Paste user)
    (35 F.Paste user)
    (36 B.SilkS user)
    (37 F.SilkS user)
    (38 B.Mask user)
    (39 F.Mask user)
    (40 Dwgs.User user)
    (41 Cmts.User user)
    (42 Eco1.User user)
    (43 Eco2.User user)
    (44 Edge.Cuts user)
    (45 Margin user)
    (46 B.CrtYd user)
    (47 F.CrtYd user)
    (48 B.Fab user hide)
    (49 F.Fab user hide)
  )

  (setup
    (last_trace_width 0.25)
    (trace_clearance 0.2)
    (zone_clearance 0.508)
    (zone_45_only no)
    (trace_min 0.2)
    (segment_width 0.2)
    (edge_width 0.15)
    (via_size 0.8)
    (via_drill 0.4)
    (via_min_size 0.4)
    (via_min_drill 0.3)
    (uvia_size 0.3)
    (uvia_drill 0.1)
    (uvias_allowed no)
    (uvia_min_size 0.2)
    (uvia_min_drill 0.1)
    (pcb_text_width 0.3)
    (pcb_text_size 1.5 1.5)
    (mod_edge_width 0.15)
    (mod_text_size 1 1)
    (mod_text_width 0.15)
    (pad_size 10 10)
    (pad_drill 10)
    (pad_to_mask_clearance 0.2)
    (aux_axis_origin 0 0)
    (visible_elements FFFFFF7F)
    (pcbplotparams
      (layerselection 0x01020_7ffffff8)
      (usegerberextensions false)
      (excludeedgelayer true)
      (linewidth 0.100000)
      (plotframeref false)
      (viasonmask false)
      (mode 1)
      (useauxorigin false)
      (hpglpennumber 1)
      (hpglpenspeed 20)
      (hpglpendiameter 15)
      (psnegative false)
      (psa4output false)
      (plotreference true)
      (plotvalue true)
      (plotinvisibletext false)
      (padsonsilk false)
      (subtractmaskfromsilk false)
      (outputformat 1)
      (mirror false)
      (drillshape 0)
      (scaleselection 1)
      (outputdirectory GERBER/))
  )

  (net 0 "")
  (net 1 "Net-(D2-Pad1)")
  (net 2 "Net-(D3-Pad1)")
  (net 3 "Net-(D4-Pad1)")
  (net 4 "Net-(D5-Pad1)")
  (net 5 "Net-(D6-Pad1)")
  (net 6 "Net-(D7-Pad1)")
  (net 7 "Net-(D8-Pad1)")
  (net 8 "Net-(D10-Pad2)")
  (net 9 GND)
  (net 10 "Net-(U1-Pad9)")
  (net 11 "Net-(D49-Pad1)")
  (net 12 "Net-(D48-Pad1)")
  (net 13 VLED)
  (net 14 "Net-(D24-Pad1)")
  (net 15 "Net-(D23-Pad1)")
  (net 16 "Net-(D12-Pad1)")
  (net 17 "Net-(D13-Pad1)")
  (net 18 "Net-(D14-Pad1)")
  (net 19 "Net-(D15-Pad1)")
  (net 20 "Net-(D16-Pad1)")
  (net 21 "Net-(D17-Pad1)")
  (net 22 "Net-(D18-Pad1)")
  (net 23 "Net-(D19-Pad1)")
  (net 24 "Net-(D22-Pad1)")
  (net 25 "Net-(D47-Pad1)")
  (net 26 "Net-(D46-Pad1)")
  (net 27 "Net-(D35-Pad1)")
  (net 28 "Net-(D36-Pad1)")
  (net 29 "Net-(D25-Pad1)")
  (net 30 "Net-(D26-Pad1)")
  (net 31 "Net-(D27-Pad1)")
  (net 32 "Net-(D28-Pad1)")
  (net 33 "Net-(D29-Pad1)")
  (net 34 "Net-(D32-Pad1)")
  (net 35 "Net-(D33-Pad1)")
  (net 36 "Net-(D34-Pad1)")
  (net 37 "Net-(D37-Pad1)")
  (net 38 "Net-(D38-Pad1)")
  (net 39 "Net-(D39-Pad1)")
  (net 40 "Net-(D42-Pad1)")
  (net 41 "Net-(D43-Pad1)")
  (net 42 "Net-(D44-Pad1)")
  (net 43 "Net-(D45-Pad1)")
  (net 44 "Net-(Q1-Pad3)")
  (net 45 "Net-(Q1-Pad1)")
  (net 46 "Net-(R1-Pad2)")
  (net 47 "Net-(R4-Pad1)")
  (net 48 Vin)
  (net 49 "Net-(C3-Pad1)")
  (net 50 "Net-(C2-Pad1)")
  (net 51 CTRL)
  (net 52 "Net-(D11-Pad1)")
  (net 53 "Net-(D1-Pad1)")
  (net 54 "Net-(D21-Pad1)")
  (net 55 "Net-(D31-Pad1)")
  (net 56 "Net-(D41-Pad1)")
  (net 57 "Net-(D100-Pad2)")
  (net 58 "Net-(J1-Pad1)")
  (net 59 "Net-(J2-Pad1)")
  (net 60 "Net-(J3-Pad1)")
  (net 61 "Net-(J4-Pad1)")
  (net 62 Vref)
  (net 63 "Net-(U2-Pad6)")
  (net 64 "Net-(U2-Pad9)")
  (net 65 "Net-(U2-Pad11)")
  (net 66 "Net-(U2-Pad12)")
  (net 67 "Net-(R9-Pad2)")
  (net 68 "Net-(R3-Pad2)")
  (net 69 "Net-(R5-Pad2)")
  (net 70 "Net-(R7-Pad2)")
  (net 71 "Net-(C5-Pad1)")
  (net 72 "Net-(R12-Pad2)")
  (net 73 "Net-(J5-Pad1)")
  (net 74 "Net-(D51-Pad1)")
  (net 75 "Net-(D54-Pad2)")
  (net 76 "Net-(D53-Pad2)")
  (net 77 "Net-(D52-Pad2)")
  (net 78 "Net-(D51-Pad2)")
  (net 79 "Net-(D56-Pad1)")
  (net 80 "Net-(D55-Pad1)")
  (net 81 "Net-(D57-Pad1)")
  (net 82 "Net-(D58-Pad1)")
  (net 83 "Net-(F1-Pad2)")
  (net 84 "Net-(D71-Pad2)")
  (net 85 "Net-(D72-Pad1)")
  (net 86 "Net-(D60-Pad1)")
  (net 87 "Net-(D59-Pad2)")
  (net 88 "Net-(D67-Pad1)")
  (net 89 "Net-(D66-Pad1)")
  (net 90 "Net-(D69-Pad1)")
  (net 91 "Net-(D68-Pad1)")
  (net 92 "Net-(D65-Pad1)")
  (net 93 "Net-(D64-Pad1)")
  (net 94 "Net-(D63-Pad1)")
  (net 95 "Net-(D62-Pad1)")
  (net 96 "Net-(D61-Pad1)")
  (net 97 "Net-(R18-Pad2)")
  (net 98 "Net-(R20-Pad2)")
  (net 99 "Net-(U2-Pad15)")

  (net_class Default "This is the default net class."
    (clearance 0.2)
    (trace_width 0.25)
    (via_dia 0.8)
    (via_drill 0.4)
    (uvia_dia 0.3)
    (uvia_drill 0.1)
    (add_net CTRL)
    (add_net GND)
    (add_net "Net-(C2-Pad1)")
    (add_net "Net-(C3-Pad1)")
    (add_net "Net-(C5-Pad1)")
    (add_net "Net-(D1-Pad1)")
    (add_net "Net-(D10-Pad2)")
    (add_net "Net-(D100-Pad2)")
    (add_net "Net-(D11-Pad1)")
    (add_net "Net-(D12-Pad1)")
    (add_net "Net-(D13-Pad1)")
    (add_net "Net-(D14-Pad1)")
    (add_net "Net-(D15-Pad1)")
    (add_net "Net-(D16-Pad1)")
    (add_net "Net-(D17-Pad1)")
    (add_net "Net-(D18-Pad1)")
    (add_net "Net-(D19-Pad1)")
    (add_net "Net-(D2-Pad1)")
    (add_net "Net-(D21-Pad1)")
    (add_net "Net-(D22-Pad1)")
    (add_net "Net-(D23-Pad1)")
    (add_net "Net-(D24-Pad1)")
    (add_net "Net-(D25-Pad1)")
    (add_net "Net-(D26-Pad1)")
    (add_net "Net-(D27-Pad1)")
    (add_net "Net-(D28-Pad1)")
    (add_net "Net-(D29-Pad1)")
    (add_net "Net-(D3-Pad1)")
    (add_net "Net-(D31-Pad1)")
    (add_net "Net-(D32-Pad1)")
    (add_net "Net-(D33-Pad1)")
    (add_net "Net-(D34-Pad1)")
    (add_net "Net-(D35-Pad1)")
    (add_net "Net-(D36-Pad1)")
    (add_net "Net-(D37-Pad1)")
    (add_net "Net-(D38-Pad1)")
    (add_net "Net-(D39-Pad1)")
    (add_net "Net-(D4-Pad1)")
    (add_net "Net-(D41-Pad1)")
    (add_net "Net-(D42-Pad1)")
    (add_net "Net-(D43-Pad1)")
    (add_net "Net-(D44-Pad1)")
    (add_net "Net-(D45-Pad1)")
    (add_net "Net-(D46-Pad1)")
    (add_net "Net-(D47-Pad1)")
    (add_net "Net-(D48-Pad1)")
    (add_net "Net-(D49-Pad1)")
    (add_net "Net-(D5-Pad1)")
    (add_net "Net-(D51-Pad1)")
    (add_net "Net-(D51-Pad2)")
    (add_net "Net-(D52-Pad2)")
    (add_net "Net-(D53-Pad2)")
    (add_net "Net-(D54-Pad2)")
    (add_net "Net-(D55-Pad1)")
    (add_net "Net-(D56-Pad1)")
    (add_net "Net-(D57-Pad1)")
    (add_net "Net-(D58-Pad1)")
    (add_net "Net-(D59-Pad2)")
    (add_net "Net-(D6-Pad1)")
    (add_net "Net-(D60-Pad1)")
    (add_net "Net-(D61-Pad1)")
    (add_net "Net-(D62-Pad1)")
    (add_net "Net-(D63-Pad1)")
    (add_net "Net-(D64-Pad1)")
    (add_net "Net-(D65-Pad1)")
    (add_net "Net-(D66-Pad1)")
    (add_net "Net-(D67-Pad1)")
    (add_net "Net-(D68-Pad1)")
    (add_net "Net-(D69-Pad1)")
    (add_net "Net-(D7-Pad1)")
    (add_net "Net-(D71-Pad2)")
    (add_net "Net-(D72-Pad1)")
    (add_net "Net-(D8-Pad1)")
    (add_net "Net-(F1-Pad2)")
    (add_net "Net-(J1-Pad1)")
    (add_net "Net-(J2-Pad1)")
    (add_net "Net-(J3-Pad1)")
    (add_net "Net-(J4-Pad1)")
    (add_net "Net-(J5-Pad1)")
    (add_net "Net-(Q1-Pad1)")
    (add_net "Net-(Q1-Pad3)")
    (add_net "Net-(R1-Pad2)")
    (add_net "Net-(R12-Pad2)")
    (add_net "Net-(R18-Pad2)")
    (add_net "Net-(R20-Pad2)")
    (add_net "Net-(R3-Pad2)")
    (add_net "Net-(R4-Pad1)")
    (add_net "Net-(R5-Pad2)")
    (add_net "Net-(R7-Pad2)")
    (add_net "Net-(R9-Pad2)")
    (add_net "Net-(U1-Pad9)")
    (add_net "Net-(U2-Pad11)")
    (add_net "Net-(U2-Pad12)")
    (add_net "Net-(U2-Pad15)")
    (add_net "Net-(U2-Pad6)")
    (add_net "Net-(U2-Pad9)")
    (add_net VLED)
    (add_net Vin)
    (add_net Vref)
  )

  (module Diodes_SMD:D_0603 (layer BOT.Cu) (tedit 5863D73A) (tstamp 59762CE8)
    (at 133.54 64.68)
    (descr "Diode SMD in 0603 package")
    (tags "smd diode")
    (path /59775C7E)
    (attr smd)
    (fp_text reference D71 (at 0 -1.5) (layer B.SilkS)
      (effects (font (size 1 1) (thickness 0.15)) (justify mirror))
    )
    (fp_text value 18V (at 0 1.5) (layer B.Fab)
      (effects (font (size 1 1) (thickness 0.15)) (justify mirror))
    )
    (fp_line (start -1.3 0.55) (end 0.8 0.55) (layer B.SilkS) (width 0.12))
    (fp_line (start -1.3 -0.55) (end 0.8 -0.55) (layer B.SilkS) (width 0.12))
    (fp_line (start -0.8 0.4) (end 0.8 0.4) (layer B.Fab) (width 0.1))
    (fp_line (start 0.8 0.4) (end 0.8 -0.4) (layer B.Fab) (width 0.1))
    (fp_line (start 0.8 -0.4) (end -0.8 -0.4) (layer B.Fab) (width 0.1))
    (fp_line (start -0.8 -0.4) (end -0.8 0.4) (layer B.Fab) (width 0.1))
    (fp_line (start 0.2 0.2) (end -0.1 0) (layer B.Fab) (width 0.1))
    (fp_line (start -0.1 0) (end 0.2 -0.2) (layer B.Fab) (width 0.1))
    (fp_line (start 0.2 -0.2) (end 0.2 0.2) (layer B.Fab) (width 0.1))
    (fp_line (start -0.1 0.2) (end -0.1 -0.2) (layer B.Fab) (width 0.1))
    (fp_line (start -0.1 0) (end -0.3 0) (layer B.Fab) (width 0.1))
    (fp_line (start 0.2 0) (end 0.4 0) (layer B.Fab) (width 0.1))
    (fp_line (start 1.4 0.65) (end -1.4 0.65) (layer B.CrtYd) (width 0.05))
    (fp_line (start -1.4 0.65) (end -1.4 -0.65) (layer B.CrtYd) (width 0.05))
    (fp_line (start -1.4 -0.65) (end 1.4 -0.65) (layer B.CrtYd) (width 0.05))
    (fp_line (start 1.4 -0.65) (end 1.4 0.65) (layer B.CrtYd) (width 0.05))
    (fp_line (start -1.3 0.55) (end -1.3 -0.55) (layer B.SilkS) (width 0.12))
    (pad 2 smd rect (at 0.85 0) (size 0.6 0.8) (layers BOT.Cu B.Paste B.Mask)
      (net 84 "Net-(D71-Pad2)"))
    (pad 1 smd rect (at -0.85 0) (size 0.6 0.8) (layers BOT.Cu B.Paste B.Mask)
      (net 74 "Net-(D51-Pad1)"))
  )

  (module Diodes_SMD:D_0603 (layer BOT.Cu) (tedit 5863D73A) (tstamp 59762CD1)
    (at 133.54 68.64)
    (descr "Diode SMD in 0603 package")
    (tags "smd diode")
    (path /5976A8CA)
    (attr smd)
    (fp_text reference D59 (at 0 -1.5) (layer B.SilkS)
      (effects (font (size 1 1) (thickness 0.15)) (justify mirror))
    )
    (fp_text value 20V (at 0 1.5) (layer B.Fab)
      (effects (font (size 1 1) (thickness 0.15)) (justify mirror))
    )
    (fp_line (start -1.3 0.55) (end -1.3 -0.55) (layer B.SilkS) (width 0.12))
    (fp_line (start 1.4 -0.65) (end 1.4 0.65) (layer B.CrtYd) (width 0.05))
    (fp_line (start -1.4 -0.65) (end 1.4 -0.65) (layer B.CrtYd) (width 0.05))
    (fp_line (start -1.4 0.65) (end -1.4 -0.65) (layer B.CrtYd) (width 0.05))
    (fp_line (start 1.4 0.65) (end -1.4 0.65) (layer B.CrtYd) (width 0.05))
    (fp_line (start 0.2 0) (end 0.4 0) (layer B.Fab) (width 0.1))
    (fp_line (start -0.1 0) (end -0.3 0) (layer B.Fab) (width 0.1))
    (fp_line (start -0.1 0.2) (end -0.1 -0.2) (layer B.Fab) (width 0.1))
    (fp_line (start 0.2 -0.2) (end 0.2 0.2) (layer B.Fab) (width 0.1))
    (fp_line (start -0.1 0) (end 0.2 -0.2) (layer B.Fab) (width 0.1))
    (fp_line (start 0.2 0.2) (end -0.1 0) (layer B.Fab) (width 0.1))
    (fp_line (start -0.8 -0.4) (end -0.8 0.4) (layer B.Fab) (width 0.1))
    (fp_line (start 0.8 -0.4) (end -0.8 -0.4) (layer B.Fab) (width 0.1))
    (fp_line (start 0.8 0.4) (end 0.8 -0.4) (layer B.Fab) (width 0.1))
    (fp_line (start -0.8 0.4) (end 0.8 0.4) (layer B.Fab) (width 0.1))
    (fp_line (start -1.3 -0.55) (end 0.8 -0.55) (layer B.SilkS) (width 0.12))
    (fp_line (start -1.3 0.55) (end 0.8 0.55) (layer B.SilkS) (width 0.12))
    (pad 1 smd rect (at -0.85 0) (size 0.6 0.8) (layers BOT.Cu B.Paste B.Mask)
      (net 74 "Net-(D51-Pad1)"))
    (pad 2 smd rect (at 0.85 0) (size 0.6 0.8) (layers BOT.Cu B.Paste B.Mask)
      (net 87 "Net-(D59-Pad2)"))
  )

  (module Resistors_SMD:R_0603_HandSoldering (layer BOT.Cu) (tedit 58AAD9E8) (tstamp 597628D2)
    (at 142.65 65.84)
    (descr "Resistor SMD 0603, hand soldering")
    (tags "resistor 0603")
    (path /59775A73)
    (attr smd)
    (fp_text reference R21 (at 0 1.45) (layer B.SilkS)
      (effects (font (size 1 1) (thickness 0.15)) (justify mirror))
    )
    (fp_text value 0R (at 0 -1.55) (layer B.Fab)
      (effects (font (size 1 1) (thickness 0.15)) (justify mirror))
    )
    (fp_line (start 1.95 -0.7) (end -1.96 -0.7) (layer B.CrtYd) (width 0.05))
    (fp_line (start 1.95 -0.7) (end 1.95 0.7) (layer B.CrtYd) (width 0.05))
    (fp_line (start -1.96 0.7) (end -1.96 -0.7) (layer B.CrtYd) (width 0.05))
    (fp_line (start -1.96 0.7) (end 1.95 0.7) (layer B.CrtYd) (width 0.05))
    (fp_line (start -0.5 0.68) (end 0.5 0.68) (layer B.SilkS) (width 0.12))
    (fp_line (start 0.5 -0.68) (end -0.5 -0.68) (layer B.SilkS) (width 0.12))
    (fp_line (start -0.8 0.4) (end 0.8 0.4) (layer B.Fab) (width 0.1))
    (fp_line (start 0.8 0.4) (end 0.8 -0.4) (layer B.Fab) (width 0.1))
    (fp_line (start 0.8 -0.4) (end -0.8 -0.4) (layer B.Fab) (width 0.1))
    (fp_line (start -0.8 -0.4) (end -0.8 0.4) (layer B.Fab) (width 0.1))
    (fp_text user %R (at 0 1.45) (layer B.Fab)
      (effects (font (size 1 1) (thickness 0.15)) (justify mirror))
    )
    (pad 2 smd rect (at 1.1 0) (size 1.2 0.9) (layers BOT.Cu B.Paste B.Mask)
      (net 9 GND))
    (pad 1 smd rect (at -1.1 0) (size 1.2 0.9) (layers BOT.Cu B.Paste B.Mask)
      (net 85 "Net-(D72-Pad1)"))
    (model Resistors_SMD.3dshapes/R_0603.wrl
      (at (xyz 0 0 0))
      (scale (xyz 1 1 1))
      (rotate (xyz 0 0 0))
    )
  )

  (module Resistors_SMD:R_0603_HandSoldering (layer TOP.Cu) (tedit 58AAD9E8) (tstamp 597628C1)
    (at 138.225 104 90)
    (descr "Resistor SMD 0603, hand soldering")
    (tags "resistor 0603")
    (path /59776D67)
    (attr smd)
    (fp_text reference R20 (at 0.1 -1.475 90) (layer F.SilkS)
      (effects (font (size 1 1) (thickness 0.15)))
    )
    (fp_text value 60k (at 0 1.55 90) (layer F.Fab)
      (effects (font (size 1 1) (thickness 0.15)))
    )
    (fp_text user %R (at 0 -1.45 90) (layer F.Fab)
      (effects (font (size 1 1) (thickness 0.15)))
    )
    (fp_line (start -0.8 0.4) (end -0.8 -0.4) (layer F.Fab) (width 0.1))
    (fp_line (start 0.8 0.4) (end -0.8 0.4) (layer F.Fab) (width 0.1))
    (fp_line (start 0.8 -0.4) (end 0.8 0.4) (layer F.Fab) (width 0.1))
    (fp_line (start -0.8 -0.4) (end 0.8 -0.4) (layer F.Fab) (width 0.1))
    (fp_line (start 0.5 0.68) (end -0.5 0.68) (layer F.SilkS) (width 0.12))
    (fp_line (start -0.5 -0.68) (end 0.5 -0.68) (layer F.SilkS) (width 0.12))
    (fp_line (start -1.96 -0.7) (end 1.95 -0.7) (layer F.CrtYd) (width 0.05))
    (fp_line (start -1.96 -0.7) (end -1.96 0.7) (layer F.CrtYd) (width 0.05))
    (fp_line (start 1.95 0.7) (end 1.95 -0.7) (layer F.CrtYd) (width 0.05))
    (fp_line (start 1.95 0.7) (end -1.96 0.7) (layer F.CrtYd) (width 0.05))
    (pad 1 smd rect (at -1.1 0 90) (size 1.2 0.9) (layers TOP.Cu F.Paste F.Mask)
      (net 51 CTRL))
    (pad 2 smd rect (at 1.1 0 90) (size 1.2 0.9) (layers TOP.Cu F.Paste F.Mask)
      (net 98 "Net-(R20-Pad2)"))
    (model Resistors_SMD.3dshapes/R_0603.wrl
      (at (xyz 0 0 0))
      (scale (xyz 1 1 1))
      (rotate (xyz 0 0 0))
    )
  )

  (module Resistors_SMD:R_0603_HandSoldering (layer BOT.Cu) (tedit 58AAD9E8) (tstamp 597628B0)
    (at 142.59 68.7)
    (descr "Resistor SMD 0603, hand soldering")
    (tags "resistor 0603")
    (path /5976A6ED)
    (attr smd)
    (fp_text reference R19 (at 0 1.45) (layer B.SilkS)
      (effects (font (size 1 1) (thickness 0.15)) (justify mirror))
    )
    (fp_text value 0R (at 0 -1.55) (layer B.Fab)
      (effects (font (size 1 1) (thickness 0.15)) (justify mirror))
    )
    (fp_line (start 1.95 -0.7) (end -1.96 -0.7) (layer B.CrtYd) (width 0.05))
    (fp_line (start 1.95 -0.7) (end 1.95 0.7) (layer B.CrtYd) (width 0.05))
    (fp_line (start -1.96 0.7) (end -1.96 -0.7) (layer B.CrtYd) (width 0.05))
    (fp_line (start -1.96 0.7) (end 1.95 0.7) (layer B.CrtYd) (width 0.05))
    (fp_line (start -0.5 0.68) (end 0.5 0.68) (layer B.SilkS) (width 0.12))
    (fp_line (start 0.5 -0.68) (end -0.5 -0.68) (layer B.SilkS) (width 0.12))
    (fp_line (start -0.8 0.4) (end 0.8 0.4) (layer B.Fab) (width 0.1))
    (fp_line (start 0.8 0.4) (end 0.8 -0.4) (layer B.Fab) (width 0.1))
    (fp_line (start 0.8 -0.4) (end -0.8 -0.4) (layer B.Fab) (width 0.1))
    (fp_line (start -0.8 -0.4) (end -0.8 0.4) (layer B.Fab) (width 0.1))
    (fp_text user %R (at 0 1.45) (layer B.Fab)
      (effects (font (size 1 1) (thickness 0.15)) (justify mirror))
    )
    (pad 2 smd rect (at 1.1 0) (size 1.2 0.9) (layers BOT.Cu B.Paste B.Mask)
      (net 9 GND))
    (pad 1 smd rect (at -1.1 0) (size 1.2 0.9) (layers BOT.Cu B.Paste B.Mask)
      (net 86 "Net-(D60-Pad1)"))
    (model Resistors_SMD.3dshapes/R_0603.wrl
      (at (xyz 0 0 0))
      (scale (xyz 1 1 1))
      (rotate (xyz 0 0 0))
    )
  )

  (module Resistors_SMD:R_0603_HandSoldering (layer TOP.Cu) (tedit 58AAD9E8) (tstamp 597627DF)
    (at 147.7 103.96 90)
    (descr "Resistor SMD 0603, hand soldering")
    (tags "resistor 0603")
    (path /59768E7F)
    (attr smd)
    (fp_text reference R18 (at 3.45 0.05 90) (layer F.SilkS)
      (effects (font (size 1 1) (thickness 0.15)))
    )
    (fp_text value 50k (at 0 1.55 90) (layer F.Fab)
      (effects (font (size 1 1) (thickness 0.15)))
    )
    (fp_text user %R (at 0 -1.45 90) (layer F.Fab)
      (effects (font (size 1 1) (thickness 0.15)))
    )
    (fp_line (start -0.8 0.4) (end -0.8 -0.4) (layer F.Fab) (width 0.1))
    (fp_line (start 0.8 0.4) (end -0.8 0.4) (layer F.Fab) (width 0.1))
    (fp_line (start 0.8 -0.4) (end 0.8 0.4) (layer F.Fab) (width 0.1))
    (fp_line (start -0.8 -0.4) (end 0.8 -0.4) (layer F.Fab) (width 0.1))
    (fp_line (start 0.5 0.68) (end -0.5 0.68) (layer F.SilkS) (width 0.12))
    (fp_line (start -0.5 -0.68) (end 0.5 -0.68) (layer F.SilkS) (width 0.12))
    (fp_line (start -1.96 -0.7) (end 1.95 -0.7) (layer F.CrtYd) (width 0.05))
    (fp_line (start -1.96 -0.7) (end -1.96 0.7) (layer F.CrtYd) (width 0.05))
    (fp_line (start 1.95 0.7) (end 1.95 -0.7) (layer F.CrtYd) (width 0.05))
    (fp_line (start 1.95 0.7) (end -1.96 0.7) (layer F.CrtYd) (width 0.05))
    (pad 1 smd rect (at -1.1 0 90) (size 1.2 0.9) (layers TOP.Cu F.Paste F.Mask)
      (net 51 CTRL))
    (pad 2 smd rect (at 1.1 0 90) (size 1.2 0.9) (layers TOP.Cu F.Paste F.Mask)
      (net 97 "Net-(R18-Pad2)"))
    (model Resistors_SMD.3dshapes/R_0603.wrl
      (at (xyz 0 0 0))
      (scale (xyz 1 1 1))
      (rotate (xyz 0 0 0))
    )
  )

  (module lib:LED-3030 (layer TOP.Cu) (tedit 590C4A17) (tstamp 59762716)
    (at 200.575 49.975 90)
    (descr "LED, 3030, 3.0mmx3.0mm")
    (tags LED)
    (path /5976F949)
    (attr smd)
    (fp_text reference D61 (at -0.1 -2.75 90) (layer F.SilkS)
      (effects (font (size 1 1) (thickness 0.15)))
    )
    (fp_text value LED (at 0 3 90) (layer F.Fab)
      (effects (font (size 1 1) (thickness 0.15)))
    )
    (fp_line (start 1.8 -1.8) (end -2.25 -1.8) (layer F.CrtYd) (width 0.05))
    (fp_line (start 1.8 1.85) (end 1.8 -1.8) (layer F.CrtYd) (width 0.05))
    (fp_line (start -2.25 1.85) (end 1.8 1.85) (layer F.CrtYd) (width 0.05))
    (fp_line (start -2.25 -1.8) (end -2.25 1.85) (layer F.CrtYd) (width 0.05))
    (fp_line (start -1.85 1.925) (end 1.15 1.925) (layer F.SilkS) (width 0.15))
    (fp_line (start -1.775 -1.9) (end 1.225 -1.9) (layer F.SilkS) (width 0.15))
    (fp_line (start 1.5 -1.675) (end -2.4 -1.675) (layer F.Fab) (width 0.15))
    (fp_line (start 1.5 1.725) (end 1.5 -1.675) (layer F.Fab) (width 0.15))
    (fp_line (start -2.4 1.725) (end 1.5 1.725) (layer F.Fab) (width 0.15))
    (fp_line (start -2.4 -1.675) (end -2.4 1.725) (layer F.Fab) (width 0.15))
    (pad 2 smd rect (at 0.9 0 90) (size 0.9 3) (layers TOP.Cu F.Paste F.Mask)
      (net 13 VLED))
    (pad 1 smd rect (at -1.1 0 90) (size 2 3) (layers TOP.Cu F.Paste F.Mask)
      (net 96 "Net-(D61-Pad1)"))
    (pad 2 thru_hole circle (at 0.9 -0.8 90) (size 0.6 0.6) (drill 0.3) (layers *.Cu)
      (net 13 VLED))
    (pad 2 thru_hole circle (at 0.9 0.8 90) (size 0.6 0.6) (drill 0.3) (layers *.Cu)
      (net 13 VLED))
    (pad 1 thru_hole circle (at -1.7 -0.8 90) (size 0.6 0.6) (drill 0.3) (layers *.Cu)
      (net 96 "Net-(D61-Pad1)"))
    (pad 1 thru_hole circle (at -0.5 -0.8 90) (size 0.6 0.6) (drill 0.3) (layers *.Cu)
      (net 96 "Net-(D61-Pad1)"))
    (pad 1 thru_hole circle (at -1.7 0.8 90) (size 0.6 0.6) (drill 0.3) (layers *.Cu)
      (net 96 "Net-(D61-Pad1)"))
    (pad 1 thru_hole circle (at -0.5 0.8 90) (size 0.6 0.6) (drill 0.3) (layers *.Cu)
      (net 96 "Net-(D61-Pad1)"))
    (model Inductors.3dshapes/Inductor_Taiyo-Yuden_MD-3030.wrl
      (at (xyz 0 0 0))
      (scale (xyz 1 1 1))
      (rotate (xyz 0 0 0))
    )
    (model ${KISYS3DMOD}/LEDs.3dshapes/LED_1206.wrl
      (at (xyz -0.01968503937007874 0 0))
      (scale (xyz 1 1 1))
      (rotate (xyz 0 0 0))
    )
  )

  (module lib:LED-3030 (layer TOP.Cu) (tedit 590C4A17) (tstamp 59762700)
    (at 200.575 56.122222 90)
    (descr "LED, 3030, 3.0mmx3.0mm")
    (tags LED)
    (path /5976F943)
    (attr smd)
    (fp_text reference D62 (at -0.1 -2.75 90) (layer F.SilkS)
      (effects (font (size 1 1) (thickness 0.15)))
    )
    (fp_text value LED (at 0 3 90) (layer F.Fab)
      (effects (font (size 1 1) (thickness 0.15)))
    )
    (fp_line (start -2.4 -1.675) (end -2.4 1.725) (layer F.Fab) (width 0.15))
    (fp_line (start -2.4 1.725) (end 1.5 1.725) (layer F.Fab) (width 0.15))
    (fp_line (start 1.5 1.725) (end 1.5 -1.675) (layer F.Fab) (width 0.15))
    (fp_line (start 1.5 -1.675) (end -2.4 -1.675) (layer F.Fab) (width 0.15))
    (fp_line (start -1.775 -1.9) (end 1.225 -1.9) (layer F.SilkS) (width 0.15))
    (fp_line (start -1.85 1.925) (end 1.15 1.925) (layer F.SilkS) (width 0.15))
    (fp_line (start -2.25 -1.8) (end -2.25 1.85) (layer F.CrtYd) (width 0.05))
    (fp_line (start -2.25 1.85) (end 1.8 1.85) (layer F.CrtYd) (width 0.05))
    (fp_line (start 1.8 1.85) (end 1.8 -1.8) (layer F.CrtYd) (width 0.05))
    (fp_line (start 1.8 -1.8) (end -2.25 -1.8) (layer F.CrtYd) (width 0.05))
    (pad 1 thru_hole circle (at -0.5 0.8 90) (size 0.6 0.6) (drill 0.3) (layers *.Cu)
      (net 95 "Net-(D62-Pad1)"))
    (pad 1 thru_hole circle (at -1.7 0.8 90) (size 0.6 0.6) (drill 0.3) (layers *.Cu)
      (net 95 "Net-(D62-Pad1)"))
    (pad 1 thru_hole circle (at -0.5 -0.8 90) (size 0.6 0.6) (drill 0.3) (layers *.Cu)
      (net 95 "Net-(D62-Pad1)"))
    (pad 1 thru_hole circle (at -1.7 -0.8 90) (size 0.6 0.6) (drill 0.3) (layers *.Cu)
      (net 95 "Net-(D62-Pad1)"))
    (pad 2 thru_hole circle (at 0.9 0.8 90) (size 0.6 0.6) (drill 0.3) (layers *.Cu)
      (net 96 "Net-(D61-Pad1)"))
    (pad 2 thru_hole circle (at 0.9 -0.8 90) (size 0.6 0.6) (drill 0.3) (layers *.Cu)
      (net 96 "Net-(D61-Pad1)"))
    (pad 1 smd rect (at -1.1 0 90) (size 2 3) (layers TOP.Cu F.Paste F.Mask)
      (net 95 "Net-(D62-Pad1)"))
    (pad 2 smd rect (at 0.9 0 90) (size 0.9 3) (layers TOP.Cu F.Paste F.Mask)
      (net 96 "Net-(D61-Pad1)"))
    (model Inductors.3dshapes/Inductor_Taiyo-Yuden_MD-3030.wrl
      (at (xyz 0 0 0))
      (scale (xyz 1 1 1))
      (rotate (xyz 0 0 0))
    )
    (model ${KISYS3DMOD}/LEDs.3dshapes/LED_1206.wrl
      (at (xyz -0.01968503937007874 0 0))
      (scale (xyz 1 1 1))
      (rotate (xyz 0 0 0))
    )
  )

  (module lib:LED-3030 (layer TOP.Cu) (tedit 590C4A17) (tstamp 597626EA)
    (at 200.575 93.005554 90)
    (descr "LED, 3030, 3.0mmx3.0mm")
    (tags LED)
    (path /5976F91F)
    (attr smd)
    (fp_text reference D68 (at -0.1 -2.75 90) (layer F.SilkS)
      (effects (font (size 1 1) (thickness 0.15)))
    )
    (fp_text value LED (at 0 3 90) (layer F.Fab)
      (effects (font (size 1 1) (thickness 0.15)))
    )
    (fp_line (start 1.8 -1.8) (end -2.25 -1.8) (layer F.CrtYd) (width 0.05))
    (fp_line (start 1.8 1.85) (end 1.8 -1.8) (layer F.CrtYd) (width 0.05))
    (fp_line (start -2.25 1.85) (end 1.8 1.85) (layer F.CrtYd) (width 0.05))
    (fp_line (start -2.25 -1.8) (end -2.25 1.85) (layer F.CrtYd) (width 0.05))
    (fp_line (start -1.85 1.925) (end 1.15 1.925) (layer F.SilkS) (width 0.15))
    (fp_line (start -1.775 -1.9) (end 1.225 -1.9) (layer F.SilkS) (width 0.15))
    (fp_line (start 1.5 -1.675) (end -2.4 -1.675) (layer F.Fab) (width 0.15))
    (fp_line (start 1.5 1.725) (end 1.5 -1.675) (layer F.Fab) (width 0.15))
    (fp_line (start -2.4 1.725) (end 1.5 1.725) (layer F.Fab) (width 0.15))
    (fp_line (start -2.4 -1.675) (end -2.4 1.725) (layer F.Fab) (width 0.15))
    (pad 2 smd rect (at 0.9 0 90) (size 0.9 3) (layers TOP.Cu F.Paste F.Mask)
      (net 88 "Net-(D67-Pad1)"))
    (pad 1 smd rect (at -1.1 0 90) (size 2 3) (layers TOP.Cu F.Paste F.Mask)
      (net 91 "Net-(D68-Pad1)"))
    (pad 2 thru_hole circle (at 0.9 -0.8 90) (size 0.6 0.6) (drill 0.3) (layers *.Cu)
      (net 88 "Net-(D67-Pad1)"))
    (pad 2 thru_hole circle (at 0.9 0.8 90) (size 0.6 0.6) (drill 0.3) (layers *.Cu)
      (net 88 "Net-(D67-Pad1)"))
    (pad 1 thru_hole circle (at -1.7 -0.8 90) (size 0.6 0.6) (drill 0.3) (layers *.Cu)
      (net 91 "Net-(D68-Pad1)"))
    (pad 1 thru_hole circle (at -0.5 -0.8 90) (size 0.6 0.6) (drill 0.3) (layers *.Cu)
      (net 91 "Net-(D68-Pad1)"))
    (pad 1 thru_hole circle (at -1.7 0.8 90) (size 0.6 0.6) (drill 0.3) (layers *.Cu)
      (net 91 "Net-(D68-Pad1)"))
    (pad 1 thru_hole circle (at -0.5 0.8 90) (size 0.6 0.6) (drill 0.3) (layers *.Cu)
      (net 91 "Net-(D68-Pad1)"))
    (model Inductors.3dshapes/Inductor_Taiyo-Yuden_MD-3030.wrl
      (at (xyz 0 0 0))
      (scale (xyz 1 1 1))
      (rotate (xyz 0 0 0))
    )
    (model ${KISYS3DMOD}/LEDs.3dshapes/LED_1206.wrl
      (at (xyz -0.01968503937007874 0 0))
      (scale (xyz 1 1 1))
      (rotate (xyz 0 0 0))
    )
  )

  (module lib:LED-3030 (layer TOP.Cu) (tedit 590C4A17) (tstamp 597626D4)
    (at 200.575 62.269444 90)
    (descr "LED, 3030, 3.0mmx3.0mm")
    (tags LED)
    (path /5976F93D)
    (attr smd)
    (fp_text reference D63 (at -0.1 -2.75 90) (layer F.SilkS)
      (effects (font (size 1 1) (thickness 0.15)))
    )
    (fp_text value LED (at 0 3 90) (layer F.Fab)
      (effects (font (size 1 1) (thickness 0.15)))
    )
    (fp_line (start -2.4 -1.675) (end -2.4 1.725) (layer F.Fab) (width 0.15))
    (fp_line (start -2.4 1.725) (end 1.5 1.725) (layer F.Fab) (width 0.15))
    (fp_line (start 1.5 1.725) (end 1.5 -1.675) (layer F.Fab) (width 0.15))
    (fp_line (start 1.5 -1.675) (end -2.4 -1.675) (layer F.Fab) (width 0.15))
    (fp_line (start -1.775 -1.9) (end 1.225 -1.9) (layer F.SilkS) (width 0.15))
    (fp_line (start -1.85 1.925) (end 1.15 1.925) (layer F.SilkS) (width 0.15))
    (fp_line (start -2.25 -1.8) (end -2.25 1.85) (layer F.CrtYd) (width 0.05))
    (fp_line (start -2.25 1.85) (end 1.8 1.85) (layer F.CrtYd) (width 0.05))
    (fp_line (start 1.8 1.85) (end 1.8 -1.8) (layer F.CrtYd) (width 0.05))
    (fp_line (start 1.8 -1.8) (end -2.25 -1.8) (layer F.CrtYd) (width 0.05))
    (pad 1 thru_hole circle (at -0.5 0.8 90) (size 0.6 0.6) (drill 0.3) (layers *.Cu)
      (net 94 "Net-(D63-Pad1)"))
    (pad 1 thru_hole circle (at -1.7 0.8 90) (size 0.6 0.6) (drill 0.3) (layers *.Cu)
      (net 94 "Net-(D63-Pad1)"))
    (pad 1 thru_hole circle (at -0.5 -0.8 90) (size 0.6 0.6) (drill 0.3) (layers *.Cu)
      (net 94 "Net-(D63-Pad1)"))
    (pad 1 thru_hole circle (at -1.7 -0.8 90) (size 0.6 0.6) (drill 0.3) (layers *.Cu)
      (net 94 "Net-(D63-Pad1)"))
    (pad 2 thru_hole circle (at 0.9 0.8 90) (size 0.6 0.6) (drill 0.3) (layers *.Cu)
      (net 95 "Net-(D62-Pad1)"))
    (pad 2 thru_hole circle (at 0.9 -0.8 90) (size 0.6 0.6) (drill 0.3) (layers *.Cu)
      (net 95 "Net-(D62-Pad1)"))
    (pad 1 smd rect (at -1.1 0 90) (size 2 3) (layers TOP.Cu F.Paste F.Mask)
      (net 94 "Net-(D63-Pad1)"))
    (pad 2 smd rect (at 0.9 0 90) (size 0.9 3) (layers TOP.Cu F.Paste F.Mask)
      (net 95 "Net-(D62-Pad1)"))
    (model Inductors.3dshapes/Inductor_Taiyo-Yuden_MD-3030.wrl
      (at (xyz 0 0 0))
      (scale (xyz 1 1 1))
      (rotate (xyz 0 0 0))
    )
    (model ${KISYS3DMOD}/LEDs.3dshapes/LED_1206.wrl
      (at (xyz -0.01968503937007874 0 0))
      (scale (xyz 1 1 1))
      (rotate (xyz 0 0 0))
    )
  )

  (module lib:LED-3030 (layer TOP.Cu) (tedit 590C4A17) (tstamp 597626BE)
    (at 200.575 68.416666 90)
    (descr "LED, 3030, 3.0mmx3.0mm")
    (tags LED)
    (path /5976F937)
    (attr smd)
    (fp_text reference D64 (at -0.1 -2.75 90) (layer F.SilkS)
      (effects (font (size 1 1) (thickness 0.15)))
    )
    (fp_text value LED (at 0 3 90) (layer F.Fab)
      (effects (font (size 1 1) (thickness 0.15)))
    )
    (fp_line (start 1.8 -1.8) (end -2.25 -1.8) (layer F.CrtYd) (width 0.05))
    (fp_line (start 1.8 1.85) (end 1.8 -1.8) (layer F.CrtYd) (width 0.05))
    (fp_line (start -2.25 1.85) (end 1.8 1.85) (layer F.CrtYd) (width 0.05))
    (fp_line (start -2.25 -1.8) (end -2.25 1.85) (layer F.CrtYd) (width 0.05))
    (fp_line (start -1.85 1.925) (end 1.15 1.925) (layer F.SilkS) (width 0.15))
    (fp_line (start -1.775 -1.9) (end 1.225 -1.9) (layer F.SilkS) (width 0.15))
    (fp_line (start 1.5 -1.675) (end -2.4 -1.675) (layer F.Fab) (width 0.15))
    (fp_line (start 1.5 1.725) (end 1.5 -1.675) (layer F.Fab) (width 0.15))
    (fp_line (start -2.4 1.725) (end 1.5 1.725) (layer F.Fab) (width 0.15))
    (fp_line (start -2.4 -1.675) (end -2.4 1.725) (layer F.Fab) (width 0.15))
    (pad 2 smd rect (at 0.9 0 90) (size 0.9 3) (layers TOP.Cu F.Paste F.Mask)
      (net 94 "Net-(D63-Pad1)"))
    (pad 1 smd rect (at -1.1 0 90) (size 2 3) (layers TOP.Cu F.Paste F.Mask)
      (net 93 "Net-(D64-Pad1)"))
    (pad 2 thru_hole circle (at 0.9 -0.8 90) (size 0.6 0.6) (drill 0.3) (layers *.Cu)
      (net 94 "Net-(D63-Pad1)"))
    (pad 2 thru_hole circle (at 0.9 0.8 90) (size 0.6 0.6) (drill 0.3) (layers *.Cu)
      (net 94 "Net-(D63-Pad1)"))
    (pad 1 thru_hole circle (at -1.7 -0.8 90) (size 0.6 0.6) (drill 0.3) (layers *.Cu)
      (net 93 "Net-(D64-Pad1)"))
    (pad 1 thru_hole circle (at -0.5 -0.8 90) (size 0.6 0.6) (drill 0.3) (layers *.Cu)
      (net 93 "Net-(D64-Pad1)"))
    (pad 1 thru_hole circle (at -1.7 0.8 90) (size 0.6 0.6) (drill 0.3) (layers *.Cu)
      (net 93 "Net-(D64-Pad1)"))
    (pad 1 thru_hole circle (at -0.5 0.8 90) (size 0.6 0.6) (drill 0.3) (layers *.Cu)
      (net 93 "Net-(D64-Pad1)"))
    (model Inductors.3dshapes/Inductor_Taiyo-Yuden_MD-3030.wrl
      (at (xyz 0 0 0))
      (scale (xyz 1 1 1))
      (rotate (xyz 0 0 0))
    )
    (model ${KISYS3DMOD}/LEDs.3dshapes/LED_1206.wrl
      (at (xyz -0.01968503937007874 0 0))
      (scale (xyz 1 1 1))
      (rotate (xyz 0 0 0))
    )
  )

  (module lib:LED-3030 (layer TOP.Cu) (tedit 590C4A17) (tstamp 597626A8)
    (at 200.575 74.563888 90)
    (descr "LED, 3030, 3.0mmx3.0mm")
    (tags LED)
    (path /5976F931)
    (attr smd)
    (fp_text reference D65 (at -0.1 -2.75 90) (layer F.SilkS)
      (effects (font (size 1 1) (thickness 0.15)))
    )
    (fp_text value LED (at 0 3 90) (layer F.Fab)
      (effects (font (size 1 1) (thickness 0.15)))
    )
    (fp_line (start -2.4 -1.675) (end -2.4 1.725) (layer F.Fab) (width 0.15))
    (fp_line (start -2.4 1.725) (end 1.5 1.725) (layer F.Fab) (width 0.15))
    (fp_line (start 1.5 1.725) (end 1.5 -1.675) (layer F.Fab) (width 0.15))
    (fp_line (start 1.5 -1.675) (end -2.4 -1.675) (layer F.Fab) (width 0.15))
    (fp_line (start -1.775 -1.9) (end 1.225 -1.9) (layer F.SilkS) (width 0.15))
    (fp_line (start -1.85 1.925) (end 1.15 1.925) (layer F.SilkS) (width 0.15))
    (fp_line (start -2.25 -1.8) (end -2.25 1.85) (layer F.CrtYd) (width 0.05))
    (fp_line (start -2.25 1.85) (end 1.8 1.85) (layer F.CrtYd) (width 0.05))
    (fp_line (start 1.8 1.85) (end 1.8 -1.8) (layer F.CrtYd) (width 0.05))
    (fp_line (start 1.8 -1.8) (end -2.25 -1.8) (layer F.CrtYd) (width 0.05))
    (pad 1 thru_hole circle (at -0.5 0.8 90) (size 0.6 0.6) (drill 0.3) (layers *.Cu)
      (net 92 "Net-(D65-Pad1)"))
    (pad 1 thru_hole circle (at -1.7 0.8 90) (size 0.6 0.6) (drill 0.3) (layers *.Cu)
      (net 92 "Net-(D65-Pad1)"))
    (pad 1 thru_hole circle (at -0.5 -0.8 90) (size 0.6 0.6) (drill 0.3) (layers *.Cu)
      (net 92 "Net-(D65-Pad1)"))
    (pad 1 thru_hole circle (at -1.7 -0.8 90) (size 0.6 0.6) (drill 0.3) (layers *.Cu)
      (net 92 "Net-(D65-Pad1)"))
    (pad 2 thru_hole circle (at 0.9 0.8 90) (size 0.6 0.6) (drill 0.3) (layers *.Cu)
      (net 93 "Net-(D64-Pad1)"))
    (pad 2 thru_hole circle (at 0.9 -0.8 90) (size 0.6 0.6) (drill 0.3) (layers *.Cu)
      (net 93 "Net-(D64-Pad1)"))
    (pad 1 smd rect (at -1.1 0 90) (size 2 3) (layers TOP.Cu F.Paste F.Mask)
      (net 92 "Net-(D65-Pad1)"))
    (pad 2 smd rect (at 0.9 0 90) (size 0.9 3) (layers TOP.Cu F.Paste F.Mask)
      (net 93 "Net-(D64-Pad1)"))
    (model Inductors.3dshapes/Inductor_Taiyo-Yuden_MD-3030.wrl
      (at (xyz 0 0 0))
      (scale (xyz 1 1 1))
      (rotate (xyz 0 0 0))
    )
    (model ${KISYS3DMOD}/LEDs.3dshapes/LED_1206.wrl
      (at (xyz -0.01968503937007874 0 0))
      (scale (xyz 1 1 1))
      (rotate (xyz 0 0 0))
    )
  )

  (module lib:LED-3030 (layer TOP.Cu) (tedit 590C4A17) (tstamp 59762692)
    (at 200.575 80.71111 90)
    (descr "LED, 3030, 3.0mmx3.0mm")
    (tags LED)
    (path /5976F913)
    (attr smd)
    (fp_text reference D66 (at -0.1 -2.75 90) (layer F.SilkS)
      (effects (font (size 1 1) (thickness 0.15)))
    )
    (fp_text value LED (at 0 3 90) (layer F.Fab)
      (effects (font (size 1 1) (thickness 0.15)))
    )
    (fp_line (start 1.8 -1.8) (end -2.25 -1.8) (layer F.CrtYd) (width 0.05))
    (fp_line (start 1.8 1.85) (end 1.8 -1.8) (layer F.CrtYd) (width 0.05))
    (fp_line (start -2.25 1.85) (end 1.8 1.85) (layer F.CrtYd) (width 0.05))
    (fp_line (start -2.25 -1.8) (end -2.25 1.85) (layer F.CrtYd) (width 0.05))
    (fp_line (start -1.85 1.925) (end 1.15 1.925) (layer F.SilkS) (width 0.15))
    (fp_line (start -1.775 -1.9) (end 1.225 -1.9) (layer F.SilkS) (width 0.15))
    (fp_line (start 1.5 -1.675) (end -2.4 -1.675) (layer F.Fab) (width 0.15))
    (fp_line (start 1.5 1.725) (end 1.5 -1.675) (layer F.Fab) (width 0.15))
    (fp_line (start -2.4 1.725) (end 1.5 1.725) (layer F.Fab) (width 0.15))
    (fp_line (start -2.4 -1.675) (end -2.4 1.725) (layer F.Fab) (width 0.15))
    (pad 2 smd rect (at 0.9 0 90) (size 0.9 3) (layers TOP.Cu F.Paste F.Mask)
      (net 92 "Net-(D65-Pad1)"))
    (pad 1 smd rect (at -1.1 0 90) (size 2 3) (layers TOP.Cu F.Paste F.Mask)
      (net 89 "Net-(D66-Pad1)"))
    (pad 2 thru_hole circle (at 0.9 -0.8 90) (size 0.6 0.6) (drill 0.3) (layers *.Cu)
      (net 92 "Net-(D65-Pad1)"))
    (pad 2 thru_hole circle (at 0.9 0.8 90) (size 0.6 0.6) (drill 0.3) (layers *.Cu)
      (net 92 "Net-(D65-Pad1)"))
    (pad 1 thru_hole circle (at -1.7 -0.8 90) (size 0.6 0.6) (drill 0.3) (layers *.Cu)
      (net 89 "Net-(D66-Pad1)"))
    (pad 1 thru_hole circle (at -0.5 -0.8 90) (size 0.6 0.6) (drill 0.3) (layers *.Cu)
      (net 89 "Net-(D66-Pad1)"))
    (pad 1 thru_hole circle (at -1.7 0.8 90) (size 0.6 0.6) (drill 0.3) (layers *.Cu)
      (net 89 "Net-(D66-Pad1)"))
    (pad 1 thru_hole circle (at -0.5 0.8 90) (size 0.6 0.6) (drill 0.3) (layers *.Cu)
      (net 89 "Net-(D66-Pad1)"))
    (model Inductors.3dshapes/Inductor_Taiyo-Yuden_MD-3030.wrl
      (at (xyz 0 0 0))
      (scale (xyz 1 1 1))
      (rotate (xyz 0 0 0))
    )
    (model ${KISYS3DMOD}/LEDs.3dshapes/LED_1206.wrl
      (at (xyz -0.01968503937007874 0 0))
      (scale (xyz 1 1 1))
      (rotate (xyz 0 0 0))
    )
  )

  (module lib:LED-3030 (layer TOP.Cu) (tedit 590C4A17) (tstamp 5976267C)
    (at 200.575 99.152776 90)
    (descr "LED, 3030, 3.0mmx3.0mm")
    (tags LED)
    (path /5976F925)
    (attr smd)
    (fp_text reference D69 (at -0.1 -2.75 90) (layer F.SilkS)
      (effects (font (size 1 1) (thickness 0.15)))
    )
    (fp_text value LED (at 0 3 90) (layer F.Fab)
      (effects (font (size 1 1) (thickness 0.15)))
    )
    (fp_line (start -2.4 -1.675) (end -2.4 1.725) (layer F.Fab) (width 0.15))
    (fp_line (start -2.4 1.725) (end 1.5 1.725) (layer F.Fab) (width 0.15))
    (fp_line (start 1.5 1.725) (end 1.5 -1.675) (layer F.Fab) (width 0.15))
    (fp_line (start 1.5 -1.675) (end -2.4 -1.675) (layer F.Fab) (width 0.15))
    (fp_line (start -1.775 -1.9) (end 1.225 -1.9) (layer F.SilkS) (width 0.15))
    (fp_line (start -1.85 1.925) (end 1.15 1.925) (layer F.SilkS) (width 0.15))
    (fp_line (start -2.25 -1.8) (end -2.25 1.85) (layer F.CrtYd) (width 0.05))
    (fp_line (start -2.25 1.85) (end 1.8 1.85) (layer F.CrtYd) (width 0.05))
    (fp_line (start 1.8 1.85) (end 1.8 -1.8) (layer F.CrtYd) (width 0.05))
    (fp_line (start 1.8 -1.8) (end -2.25 -1.8) (layer F.CrtYd) (width 0.05))
    (pad 1 thru_hole circle (at -0.5 0.8 90) (size 0.6 0.6) (drill 0.3) (layers *.Cu)
      (net 90 "Net-(D69-Pad1)"))
    (pad 1 thru_hole circle (at -1.7 0.8 90) (size 0.6 0.6) (drill 0.3) (layers *.Cu)
      (net 90 "Net-(D69-Pad1)"))
    (pad 1 thru_hole circle (at -0.5 -0.8 90) (size 0.6 0.6) (drill 0.3) (layers *.Cu)
      (net 90 "Net-(D69-Pad1)"))
    (pad 1 thru_hole circle (at -1.7 -0.8 90) (size 0.6 0.6) (drill 0.3) (layers *.Cu)
      (net 90 "Net-(D69-Pad1)"))
    (pad 2 thru_hole circle (at 0.9 0.8 90) (size 0.6 0.6) (drill 0.3) (layers *.Cu)
      (net 91 "Net-(D68-Pad1)"))
    (pad 2 thru_hole circle (at 0.9 -0.8 90) (size 0.6 0.6) (drill 0.3) (layers *.Cu)
      (net 91 "Net-(D68-Pad1)"))
    (pad 1 smd rect (at -1.1 0 90) (size 2 3) (layers TOP.Cu F.Paste F.Mask)
      (net 90 "Net-(D69-Pad1)"))
    (pad 2 smd rect (at 0.9 0 90) (size 0.9 3) (layers TOP.Cu F.Paste F.Mask)
      (net 91 "Net-(D68-Pad1)"))
    (model Inductors.3dshapes/Inductor_Taiyo-Yuden_MD-3030.wrl
      (at (xyz 0 0 0))
      (scale (xyz 1 1 1))
      (rotate (xyz 0 0 0))
    )
    (model ${KISYS3DMOD}/LEDs.3dshapes/LED_1206.wrl
      (at (xyz -0.01968503937007874 0 0))
      (scale (xyz 1 1 1))
      (rotate (xyz 0 0 0))
    )
  )

  (module lib:LED-3030 (layer TOP.Cu) (tedit 590C4A17) (tstamp 59762666)
    (at 200.575 105.299998 90)
    (descr "LED, 3030, 3.0mmx3.0mm")
    (tags LED)
    (path /5976F92B)
    (attr smd)
    (fp_text reference D70 (at -0.1 -2.75 90) (layer F.SilkS)
      (effects (font (size 1 1) (thickness 0.15)))
    )
    (fp_text value LED (at 0 3 90) (layer F.Fab)
      (effects (font (size 1 1) (thickness 0.15)))
    )
    (fp_line (start 1.8 -1.8) (end -2.25 -1.8) (layer F.CrtYd) (width 0.05))
    (fp_line (start 1.8 1.85) (end 1.8 -1.8) (layer F.CrtYd) (width 0.05))
    (fp_line (start -2.25 1.85) (end 1.8 1.85) (layer F.CrtYd) (width 0.05))
    (fp_line (start -2.25 -1.8) (end -2.25 1.85) (layer F.CrtYd) (width 0.05))
    (fp_line (start -1.85 1.925) (end 1.15 1.925) (layer F.SilkS) (width 0.15))
    (fp_line (start -1.775 -1.9) (end 1.225 -1.9) (layer F.SilkS) (width 0.15))
    (fp_line (start 1.5 -1.675) (end -2.4 -1.675) (layer F.Fab) (width 0.15))
    (fp_line (start 1.5 1.725) (end 1.5 -1.675) (layer F.Fab) (width 0.15))
    (fp_line (start -2.4 1.725) (end 1.5 1.725) (layer F.Fab) (width 0.15))
    (fp_line (start -2.4 -1.675) (end -2.4 1.725) (layer F.Fab) (width 0.15))
    (pad 2 smd rect (at 0.9 0 90) (size 0.9 3) (layers TOP.Cu F.Paste F.Mask)
      (net 90 "Net-(D69-Pad1)"))
    (pad 1 smd rect (at -1.1 0 90) (size 2 3) (layers TOP.Cu F.Paste F.Mask)
      (net 9 GND))
    (pad 2 thru_hole circle (at 0.9 -0.8 90) (size 0.6 0.6) (drill 0.3) (layers *.Cu)
      (net 90 "Net-(D69-Pad1)"))
    (pad 2 thru_hole circle (at 0.9 0.8 90) (size 0.6 0.6) (drill 0.3) (layers *.Cu)
      (net 90 "Net-(D69-Pad1)"))
    (pad 1 thru_hole circle (at -1.7 -0.8 90) (size 0.6 0.6) (drill 0.3) (layers *.Cu)
      (net 9 GND))
    (pad 1 thru_hole circle (at -0.5 -0.8 90) (size 0.6 0.6) (drill 0.3) (layers *.Cu)
      (net 9 GND))
    (pad 1 thru_hole circle (at -1.7 0.8 90) (size 0.6 0.6) (drill 0.3) (layers *.Cu)
      (net 9 GND))
    (pad 1 thru_hole circle (at -0.5 0.8 90) (size 0.6 0.6) (drill 0.3) (layers *.Cu)
      (net 9 GND))
