(kicad_pcb (version 20170123) (host pcbnew no-vcs-found-01f5a12~58~ubuntu14.04.1)

  (general
    (links 80)
    (no_connects 80)
    (area 65.653572 49.0675 220.6175 137.875001)
    (thickness 1.6)
    (drawings 0)
    (tracks 0)
    (zones 0)
    (modules 63)
    (nets 60)
  )

  (page A4)
  (layers
    (0 F.Cu signal)
    (31 B.Cu signal)
    (32 B.Adhes user)
    (33 F.Adhes user)
    (34 B.Paste user)
    (35 F.Paste user)
    (36 B.SilkS user)
    (37 F.SilkS user)
    (38 B.Mask user)
    (39 F.Mask user)
    (40 Dwgs.User user)
    (41 Cmts.User user)
    (42 Eco1.User user)
    (43 Eco2.User user)
    (44 Edge.Cuts user)
    (45 Margin user)
    (46 B.CrtYd user)
    (47 F.CrtYd user)
    (48 B.Fab user)
    (49 F.Fab user)
  )

  (setup
    (last_trace_width 0.25)
    (trace_clearance 0.2)
    (zone_clearance 0.508)
    (zone_45_only no)
    (trace_min 0.2)
    (segment_width 0.2)
    (edge_width 0.15)
    (via_size 0.8)
    (via_drill 0.4)
    (via_min_size 0.4)
    (via_min_drill 0.3)
    (uvia_size 0.3)
    (uvia_drill 0.1)
    (uvias_allowed no)
    (uvia_min_size 0.2)
    (uvia_min_drill 0.1)
    (pcb_text_width 0.3)
    (pcb_text_size 1.5 1.5)
    (mod_edge_width 0.15)
    (mod_text_size 1 1)
    (mod_text_width 0.15)
    (pad_size 1.524 1.524)
    (pad_drill 0.762)
    (pad_to_mask_clearance 0.2)
    (aux_axis_origin 0 0)
    (visible_elements FFFFFF7F)
    (pcbplotparams
      (layerselection 0x00030_ffffffff)
      (usegerberextensions false)
      (excludeedgelayer true)
      (linewidth 0.100000)
      (plotframeref false)
      (viasonmask false)
      (mode 1)
      (useauxorigin false)
      (hpglpennumber 1)
      (hpglpenspeed 20)
      (hpglpendiameter 15)
      (psnegative false)
      (psa4output false)
      (plotreference true)
      (plotvalue true)
      (plotinvisibletext false)
      (padsonsilk false)
      (subtractmaskfromsilk false)
      (outputformat 1)
      (mirror false)
      (drillshape 1)
      (scaleselection 1)
      (outputdirectory ""))
  )

  (net 0 "")
  (net 1 "Net-(D1-Pad2)")
  (net 2 "Net-(D2-Pad1)")
  (net 3 "Net-(D3-Pad1)")
  (net 4 "Net-(D4-Pad1)")
  (net 5 "Net-(D5-Pad1)")
  (net 6 "Net-(D6-Pad1)")
  (net 7 "Net-(D7-Pad1)")
  (net 8 "Net-(D8-Pad1)")
  (net 9 "Net-(D10-Pad2)")
  (net 10 GND)
  (net 11 "Net-(U1-Pad9)")
  (net 12 "Net-(U1-Pad13)")
  (net 13 "Net-(D10-Pad1)")
  (net 14 "Net-(D50-Pad1)")
  (net 15 "Net-(D49-Pad1)")
  (net 16 "Net-(D48-Pad1)")
  (net 17 VLED)
  (net 18 "Net-(D24-Pad1)")
  (net 19 "Net-(D23-Pad1)")
  (net 20 "Net-(D12-Pad1)")
  (net 21 "Net-(D13-Pad1)")
  (net 22 "Net-(D14-Pad1)")
  (net 23 "Net-(D15-Pad1)")
  (net 24 "Net-(D16-Pad1)")
  (net 25 "Net-(D17-Pad1)")
  (net 26 "Net-(D18-Pad1)")
  (net 27 "Net-(D19-Pad1)")
  (net 28 "Net-(D20-Pad1)")
  (net 29 "Net-(D22-Pad1)")
  (net 30 "Net-(D47-Pad1)")
  (net 31 "Net-(D46-Pad1)")
  (net 32 "Net-(D35-Pad1)")
  (net 33 "Net-(D36-Pad1)")
  (net 34 "Net-(D25-Pad1)")
  (net 35 "Net-(D26-Pad1)")
  (net 36 "Net-(D27-Pad1)")
  (net 37 "Net-(D28-Pad1)")
  (net 38 "Net-(D29-Pad1)")
  (net 39 "Net-(D30-Pad1)")
  (net 40 "Net-(D32-Pad1)")
  (net 41 "Net-(D33-Pad1)")
  (net 42 "Net-(D34-Pad1)")
  (net 43 "Net-(D37-Pad1)")
  (net 44 "Net-(D38-Pad1)")
  (net 45 "Net-(D39-Pad1)")
  (net 46 "Net-(D40-Pad1)")
  (net 47 "Net-(D42-Pad1)")
  (net 48 "Net-(D43-Pad1)")
  (net 49 "Net-(D44-Pad1)")
  (net 50 "Net-(D45-Pad1)")
  (net 51 "Net-(Q1-Pad3)")
  (net 52 "Net-(Q1-Pad1)")
  (net 53 "Net-(R1-Pad2)")
  (net 54 "Net-(R3-Pad1)")
  (net 55 "Net-(R3-Pad2)")
  (net 56 "Net-(R4-Pad1)")
  (net 57 Vin)
  (net 58 "Net-(C3-Pad1)")
  (net 59 "Net-(C2-Pad1)")

  (net_class Default "This is the default net class."
    (clearance 0.2)
    (trace_width 0.25)
    (via_dia 0.8)
    (via_drill 0.4)
    (uvia_dia 0.3)
    (uvia_drill 0.1)
    (add_net GND)
    (add_net "Net-(C2-Pad1)")
    (add_net "Net-(C3-Pad1)")
    (add_net "Net-(D1-Pad2)")
    (add_net "Net-(D10-Pad1)")
    (add_net "Net-(D10-Pad2)")
    (add_net "Net-(D12-Pad1)")
    (add_net "Net-(D13-Pad1)")
    (add_net "Net-(D14-Pad1)")
    (add_net "Net-(D15-Pad1)")
    (add_net "Net-(D16-Pad1)")
    (add_net "Net-(D17-Pad1)")
    (add_net "Net-(D18-Pad1)")
    (add_net "Net-(D19-Pad1)")
    (add_net "Net-(D2-Pad1)")
    (add_net "Net-(D20-Pad1)")
    (add_net "Net-(D22-Pad1)")
    (add_net "Net-(D23-Pad1)")
    (add_net "Net-(D24-Pad1)")
    (add_net "Net-(D25-Pad1)")
    (add_net "Net-(D26-Pad1)")
    (add_net "Net-(D27-Pad1)")
    (add_net "Net-(D28-Pad1)")
    (add_net "Net-(D29-Pad1)")
    (add_net "Net-(D3-Pad1)")
    (add_net "Net-(D30-Pad1)")
    (add_net "Net-(D32-Pad1)")
    (add_net "Net-(D33-Pad1)")
    (add_net "Net-(D34-Pad1)")
    (add_net "Net-(D35-Pad1)")
    (add_net "Net-(D36-Pad1)")
    (add_net "Net-(D37-Pad1)")
    (add_net "Net-(D38-Pad1)")
    (add_net "Net-(D39-Pad1)")
    (add_net "Net-(D4-Pad1)")
    (add_net "Net-(D40-Pad1)")
    (add_net "Net-(D42-Pad1)")
    (add_net "Net-(D43-Pad1)")
    (add_net "Net-(D44-Pad1)")
    (add_net "Net-(D45-Pad1)")
    (add_net "Net-(D46-Pad1)")
    (add_net "Net-(D47-Pad1)")
    (add_net "Net-(D48-Pad1)")
    (add_net "Net-(D49-Pad1)")
    (add_net "Net-(D5-Pad1)")
    (add_net "Net-(D50-Pad1)")
    (add_net "Net-(D6-Pad1)")
    (add_net "Net-(D7-Pad1)")
    (add_net "Net-(D8-Pad1)")
    (add_net "Net-(Q1-Pad1)")
    (add_net "Net-(Q1-Pad3)")
    (add_net "Net-(R1-Pad2)")
    (add_net "Net-(R3-Pad1)")
    (add_net "Net-(R3-Pad2)")
    (add_net "Net-(R4-Pad1)")
    (add_net "Net-(U1-Pad13)")
    (add_net "Net-(U1-Pad9)")
    (add_net VLED)
    (add_net Vin)
  )

  (module Capacitors_SMD:C_0603_HandSoldering (layer F.Cu) (tedit 58AA848B) (tstamp 5907B732)
    (at 82.9 70.3 270)
    (descr "Capacitor SMD 0603, hand soldering")
    (tags "capacitor 0603")
    (path /58FF4209)
    (attr smd)
    (fp_text reference C2 (at 0 -1.25 270) (layer F.SilkS)
      (effects (font (size 1 1) (thickness 0.15)))
    )
    (fp_text value 0.1uF (at 0.8 2.5 270) (layer F.Fab)
      (effects (font (size 1 1) (thickness 0.15)))
    )
    (fp_line (start 1.8 0.65) (end -1.8 0.65) (layer F.CrtYd) (width 0.05))
    (fp_line (start 1.8 0.65) (end 1.8 -0.65) (layer F.CrtYd) (width 0.05))
    (fp_line (start -1.8 -0.65) (end -1.8 0.65) (layer F.CrtYd) (width 0.05))
    (fp_line (start -1.8 -0.65) (end 1.8 -0.65) (layer F.CrtYd) (width 0.05))
    (fp_line (start 0.35 0.6) (end -0.35 0.6) (layer F.SilkS) (width 0.12))
    (fp_line (start -0.35 -0.6) (end 0.35 -0.6) (layer F.SilkS) (width 0.12))
    (fp_line (start -0.8 -0.4) (end 0.8 -0.4) (layer F.Fab) (width 0.1))
    (fp_line (start 0.8 -0.4) (end 0.8 0.4) (layer F.Fab) (width 0.1))
    (fp_line (start 0.8 0.4) (end -0.8 0.4) (layer F.Fab) (width 0.1))
    (fp_line (start -0.8 0.4) (end -0.8 -0.4) (layer F.Fab) (width 0.1))
    (fp_text user %R (at 0 -1.25 270) (layer F.Fab)
      (effects (font (size 1 1) (thickness 0.15)))
    )
    (pad 2 smd rect (at 0.95 0 270) (size 1.2 0.75) (layers F.Cu F.Paste F.Mask)
      (net 10 GND))
    (pad 1 smd rect (at -0.95 0 270) (size 1.2 0.75) (layers F.Cu F.Paste F.Mask)
      (net 59 "Net-(C2-Pad1)"))
    (model Capacitors_SMD.3dshapes/C_0603.wrl
      (at (xyz 0 0 0))
      (scale (xyz 1 1 1))
      (rotate (xyz 0 0 0))
    )
  )

  (module Capacitors_SMD:C_0603_HandSoldering (layer F.Cu) (tedit 58AA848B) (tstamp 5907B701)
    (at 75.3 69.7 270)
    (descr "Capacitor SMD 0603, hand soldering")
    (tags "capacitor 0603")
    (path /59000993)
    (attr smd)
    (fp_text reference C3 (at 0 -1.25 270) (layer F.SilkS)
      (effects (font (size 1 1) (thickness 0.15)))
    )
    (fp_text value 0.1uF (at 0 1.5 270) (layer F.Fab)
      (effects (font (size 1 1) (thickness 0.15)))
    )
    (fp_text user %R (at 0 -1.25 270) (layer F.Fab)
      (effects (font (size 1 1) (thickness 0.15)))
    )
    (fp_line (start -0.8 0.4) (end -0.8 -0.4) (layer F.Fab) (width 0.1))
    (fp_line (start 0.8 0.4) (end -0.8 0.4) (layer F.Fab) (width 0.1))
    (fp_line (start 0.8 -0.4) (end 0.8 0.4) (layer F.Fab) (width 0.1))
    (fp_line (start -0.8 -0.4) (end 0.8 -0.4) (layer F.Fab) (width 0.1))
    (fp_line (start -0.35 -0.6) (end 0.35 -0.6) (layer F.SilkS) (width 0.12))
    (fp_line (start 0.35 0.6) (end -0.35 0.6) (layer F.SilkS) (width 0.12))
    (fp_line (start -1.8 -0.65) (end 1.8 -0.65) (layer F.CrtYd) (width 0.05))
    (fp_line (start -1.8 -0.65) (end -1.8 0.65) (layer F.CrtYd) (width 0.05))
    (fp_line (start 1.8 0.65) (end 1.8 -0.65) (layer F.CrtYd) (width 0.05))
    (fp_line (start 1.8 0.65) (end -1.8 0.65) (layer F.CrtYd) (width 0.05))
    (pad 1 smd rect (at -0.95 0 270) (size 1.2 0.75) (layers F.Cu F.Paste F.Mask)
      (net 58 "Net-(C3-Pad1)"))
    (pad 2 smd rect (at 0.95 0 270) (size 1.2 0.75) (layers F.Cu F.Paste F.Mask)
      (net 10 GND))
    (model Capacitors_SMD.3dshapes/C_0603.wrl
      (at (xyz 0 0 0))
      (scale (xyz 1 1 1))
      (rotate (xyz 0 0 0))
    )
  )

  (module Inductors_SMD:L_Vishay_IHLP-2020 (layer F.Cu) (tedit 57462A51) (tstamp 5907B68E)
    (at 70.7 54.1 180)
    (descr "Inductor, Vishay, IHLP series, 5.1mmx5.1mm")
    (tags "inductor vishay ihlp smd")
    (path /58FF50D8)
    (attr smd)
    (fp_text reference C1 (at 0 -3.54 180) (layer F.SilkS)
      (effects (font (size 1 1) (thickness 0.15)))
    )
    (fp_text value 10uF (at 0 4.04 180) (layer F.Fab)
      (effects (font (size 1 1) (thickness 0.15)))
    )
    (fp_line (start 3.65 -2.8) (end -3.65 -2.8) (layer F.CrtYd) (width 0.05))
    (fp_line (start 3.65 2.8) (end 3.65 -2.8) (layer F.CrtYd) (width 0.05))
    (fp_line (start -3.65 2.8) (end 3.65 2.8) (layer F.CrtYd) (width 0.05))
    (fp_line (start -3.65 -2.8) (end -3.65 2.8) (layer F.CrtYd) (width 0.05))
    (fp_line (start 2.64 2.64) (end 2.64 1.695) (layer F.SilkS) (width 0.12))
    (fp_line (start -2.64 2.64) (end 2.64 2.64) (layer F.SilkS) (width 0.12))
    (fp_line (start -2.64 1.695) (end -2.64 2.64) (layer F.SilkS) (width 0.12))
    (fp_line (start 2.64 -2.64) (end 2.64 -1.695) (layer F.SilkS) (width 0.12))
    (fp_line (start -2.64 -2.64) (end 2.64 -2.64) (layer F.SilkS) (width 0.12))
    (fp_line (start -2.64 -1.695) (end -2.64 -2.64) (layer F.SilkS) (width 0.12))
    (fp_line (start 2.54 -2.54) (end -2.54 -2.54) (layer F.Fab) (width 0.1))
    (fp_line (start 2.54 2.54) (end 2.54 -2.54) (layer F.Fab) (width 0.1))
    (fp_line (start -2.54 2.54) (end 2.54 2.54) (layer F.Fab) (width 0.1))
    (fp_line (start -2.54 -2.54) (end -2.54 2.54) (layer F.Fab) (width 0.1))
    (pad 2 smd rect (at 2.4265 0 180) (size 1.903 2.79) (layers F.Cu F.Paste F.Mask)
      (net 10 GND))
    (pad 1 smd rect (at -2.4265 0 180) (size 1.903 2.79) (layers F.Cu F.Paste F.Mask)
      (net 57 Vin))
    (model Inductors_SMD.3dshapes/L_Vishay_IHLP-2020.wrl
      (at (xyz 0 0 0))
      (scale (xyz 1 1 1))
      (rotate (xyz 0 0 0))
    )
  )

  (module Inductors_SMD:L_Vishay_IHLP-2020 (layer F.Cu) (tedit 57462A51) (tstamp 5907B654)
    (at 91.7 65.3)
    (descr "Inductor, Vishay, IHLP series, 5.1mmx5.1mm")
    (tags "inductor vishay ihlp smd")
    (path /58FFFBB5)
    (attr smd)
    (fp_text reference C4 (at 0 -3.54) (layer F.SilkS)
      (effects (font (size 1 1) (thickness 0.15)))
    )
    (fp_text value 10uF (at 0 4.04) (layer F.Fab)
      (effects (font (size 1 1) (thickness 0.15)))
    )
    (fp_line (start -2.54 -2.54) (end -2.54 2.54) (layer F.Fab) (width 0.1))
    (fp_line (start -2.54 2.54) (end 2.54 2.54) (layer F.Fab) (width 0.1))
    (fp_line (start 2.54 2.54) (end 2.54 -2.54) (layer F.Fab) (width 0.1))
    (fp_line (start 2.54 -2.54) (end -2.54 -2.54) (layer F.Fab) (width 0.1))
    (fp_line (start -2.64 -1.695) (end -2.64 -2.64) (layer F.SilkS) (width 0.12))
    (fp_line (start -2.64 -2.64) (end 2.64 -2.64) (layer F.SilkS) (width 0.12))
    (fp_line (start 2.64 -2.64) (end 2.64 -1.695) (layer F.SilkS) (width 0.12))
    (fp_line (start -2.64 1.695) (end -2.64 2.64) (layer F.SilkS) (width 0.12))
    (fp_line (start -2.64 2.64) (end 2.64 2.64) (layer F.SilkS) (width 0.12))
    (fp_line (start 2.64 2.64) (end 2.64 1.695) (layer F.SilkS) (width 0.12))
    (fp_line (start -3.65 -2.8) (end -3.65 2.8) (layer F.CrtYd) (width 0.05))
    (fp_line (start -3.65 2.8) (end 3.65 2.8) (layer F.CrtYd) (width 0.05))
    (fp_line (start 3.65 2.8) (end 3.65 -2.8) (layer F.CrtYd) (width 0.05))
    (fp_line (start 3.65 -2.8) (end -3.65 -2.8) (layer F.CrtYd) (width 0.05))
    (pad 1 smd rect (at -2.4265 0) (size 1.903 2.79) (layers F.Cu F.Paste F.Mask)
      (net 17 VLED))
    (pad 2 smd rect (at 2.4265 0) (size 1.903 2.79) (layers F.Cu F.Paste F.Mask)
      (net 10 GND))
    (model Inductors_SMD.3dshapes/L_Vishay_IHLP-2020.wrl
      (at (xyz 0 0 0))
      (scale (xyz 1 1 1))
      (rotate (xyz 0 0 0))
    )
  )

  (module Inductors_SMD:L_Vishay_IHLP-2525 (layer F.Cu) (tedit 57462A51) (tstamp 5907B61A)
    (at 80.6 54.2)
    (descr "Inductor, Vishay, IHLP series, 6.3mmx6.3mm")
    (tags "inductor vishay ihlp smd")
    (path /58FF3BCB)
    (attr smd)
    (fp_text reference L1 (at 0 -4.175) (layer F.SilkS)
      (effects (font (size 1 1) (thickness 0.15)))
    )
    (fp_text value 10uH (at 0 4.675) (layer F.Fab)
      (effects (font (size 1 1) (thickness 0.15)))
    )
    (fp_line (start -3.175 -3.175) (end -3.175 3.175) (layer F.Fab) (width 0.1))
    (fp_line (start -3.175 3.175) (end 3.175 3.175) (layer F.Fab) (width 0.1))
    (fp_line (start 3.175 3.175) (end 3.175 -3.175) (layer F.Fab) (width 0.1))
    (fp_line (start 3.175 -3.175) (end -3.175 -3.175) (layer F.Fab) (width 0.1))
    (fp_line (start -3.275 -2.0145) (end -3.275 -3.275) (layer F.SilkS) (width 0.12))
    (fp_line (start -3.275 -3.275) (end 3.275 -3.275) (layer F.SilkS) (width 0.12))
    (fp_line (start 3.275 -3.275) (end 3.275 -2.0145) (layer F.SilkS) (width 0.12))
    (fp_line (start -3.275 2.0145) (end -3.275 3.275) (layer F.SilkS) (width 0.12))
    (fp_line (start -3.275 3.275) (end 3.275 3.275) (layer F.SilkS) (width 0.12))
    (fp_line (start 3.275 3.275) (end 3.275 2.0145) (layer F.SilkS) (width 0.12))
    (fp_line (start -4.4 -3.45) (end -4.4 3.45) (layer F.CrtYd) (width 0.05))
    (fp_line (start -4.4 3.45) (end 4.4 3.45) (layer F.CrtYd) (width 0.05))
    (fp_line (start 4.4 3.45) (end 4.4 -3.45) (layer F.CrtYd) (width 0.05))
    (fp_line (start 4.4 -3.45) (end -4.4 -3.45) (layer F.CrtYd) (width 0.05))
    (pad 1 smd rect (at -2.921 0) (size 2.413 3.429) (layers F.Cu F.Paste F.Mask)
      (net 57 Vin))
    (pad 2 smd rect (at 2.921 0) (size 2.413 3.429) (layers F.Cu F.Paste F.Mask)
      (net 1 "Net-(D1-Pad2)"))
    (model Inductors_SMD.3dshapes/L_Vishay_IHLP-2525.wrl
      (at (xyz 0 0 0))
      (scale (xyz 1 1 1))
      (rotate (xyz 0 0 0))
    )
  )

  (module Resistors_SMD:R_0603_HandSoldering (layer F.Cu) (tedit 58AAD9E8) (tstamp 5907B5E6)
    (at 86.4 64.2 270)
    (descr "Resistor SMD 0603, hand soldering")
    (tags "resistor 0603")
    (path /58FF293A)
    (attr smd)
    (fp_text reference R5 (at 0 -1.45 270) (layer F.SilkS)
      (effects (font (size 1 1) (thickness 0.15)))
    )
    (fp_text value 100m (at 0 1.55 270) (layer F.Fab)
      (effects (font (size 1 1) (thickness 0.15)))
    )
    (fp_text user %R (at 0 -1.45 270) (layer F.Fab)
      (effects (font (size 1 1) (thickness 0.15)))
    )
    (fp_line (start -0.8 0.4) (end -0.8 -0.4) (layer F.Fab) (width 0.1))
    (fp_line (start 0.8 0.4) (end -0.8 0.4) (layer F.Fab) (width 0.1))
    (fp_line (start 0.8 -0.4) (end 0.8 0.4) (layer F.Fab) (width 0.1))
    (fp_line (start -0.8 -0.4) (end 0.8 -0.4) (layer F.Fab) (width 0.1))
    (fp_line (start 0.5 0.68) (end -0.5 0.68) (layer F.SilkS) (width 0.12))
    (fp_line (start -0.5 -0.68) (end 0.5 -0.68) (layer F.SilkS) (width 0.12))
    (fp_line (start -1.96 -0.7) (end 1.95 -0.7) (layer F.CrtYd) (width 0.05))
    (fp_line (start -1.96 -0.7) (end -1.96 0.7) (layer F.CrtYd) (width 0.05))
    (fp_line (start 1.95 0.7) (end 1.95 -0.7) (layer F.CrtYd) (width 0.05))
    (fp_line (start 1.95 0.7) (end -1.96 0.7) (layer F.CrtYd) (width 0.05))
    (pad 1 smd rect (at -1.1 0 270) (size 1.2 0.9) (layers F.Cu F.Paste F.Mask)
      (net 17 VLED))
    (pad 2 smd rect (at 1.1 0 270) (size 1.2 0.9) (layers F.Cu F.Paste F.Mask)
      (net 51 "Net-(Q1-Pad3)"))
    (model Resistors_SMD.3dshapes/R_0603.wrl
      (at (xyz 0 0 0))
      (scale (xyz 1 1 1))
      (rotate (xyz 0 0 0))
    )
  )

  (module Resistors_SMD:R_0603_HandSoldering (layer F.Cu) (tedit 58AAD9E8) (tstamp 5907B5B5)
    (at 72.5 65.4 270)
    (descr "Resistor SMD 0603, hand soldering")
    (tags "resistor 0603")
    (path /58FF43EF)
    (attr smd)
    (fp_text reference R4 (at 0 -1.45 270) (layer F.SilkS)
      (effects (font (size 1 1) (thickness 0.15)))
    )
    (fp_text value 16.9k (at 0 1.55 270) (layer F.Fab)
      (effects (font (size 1 1) (thickness 0.15)))
    )
    (fp_line (start 1.95 0.7) (end -1.96 0.7) (layer F.CrtYd) (width 0.05))
    (fp_line (start 1.95 0.7) (end 1.95 -0.7) (layer F.CrtYd) (width 0.05))
    (fp_line (start -1.96 -0.7) (end -1.96 0.7) (layer F.CrtYd) (width 0.05))
    (fp_line (start -1.96 -0.7) (end 1.95 -0.7) (layer F.CrtYd) (width 0.05))
    (fp_line (start -0.5 -0.68) (end 0.5 -0.68) (layer F.SilkS) (width 0.12))
    (fp_line (start 0.5 0.68) (end -0.5 0.68) (layer F.SilkS) (width 0.12))
    (fp_line (start -0.8 -0.4) (end 0.8 -0.4) (layer F.Fab) (width 0.1))
    (fp_line (start 0.8 -0.4) (end 0.8 0.4) (layer F.Fab) (width 0.1))
    (fp_line (start 0.8 0.4) (end -0.8 0.4) (layer F.Fab) (width 0.1))
    (fp_line (start -0.8 0.4) (end -0.8 -0.4) (layer F.Fab) (width 0.1))
    (fp_text user %R (at 0 -1.45 270) (layer F.Fab)
      (effects (font (size 1 1) (thickness 0.15)))
    )
    (pad 2 smd rect (at 1.1 0 270) (size 1.2 0.9) (layers F.Cu F.Paste F.Mask)
      (net 10 GND))
    (pad 1 smd rect (at -1.1 0 270) (size 1.2 0.9) (layers F.Cu F.Paste F.Mask)
      (net 56 "Net-(R4-Pad1)"))
    (model Resistors_SMD.3dshapes/R_0603.wrl
      (at (xyz 0 0 0))
      (scale (xyz 1 1 1))
      (rotate (xyz 0 0 0))
    )
  )

  (module Resistors_SMD:R_0603_HandSoldering (layer F.Cu) (tedit 58AAD9E8) (tstamp 5907B584)
    (at 79.3 69.1)
    (descr "Resistor SMD 0603, hand soldering")
    (tags "resistor 0603")
    (path /58FF8873)
    (attr smd)
    (fp_text reference R3 (at 0 -1.45) (layer F.SilkS)
      (effects (font (size 1 1) (thickness 0.15)))
    )
    (fp_text value 16.9k (at 0 1.55) (layer F.Fab)
      (effects (font (size 1 1) (thickness 0.15)))
    )
    (fp_text user %R (at 0 -1.45) (layer F.Fab)
      (effects (font (size 1 1) (thickness 0.15)))
    )
    (fp_line (start -0.8 0.4) (end -0.8 -0.4) (layer F.Fab) (width 0.1))
    (fp_line (start 0.8 0.4) (end -0.8 0.4) (layer F.Fab) (width 0.1))
    (fp_line (start 0.8 -0.4) (end 0.8 0.4) (layer F.Fab) (width 0.1))
    (fp_line (start -0.8 -0.4) (end 0.8 -0.4) (layer F.Fab) (width 0.1))
    (fp_line (start 0.5 0.68) (end -0.5 0.68) (layer F.SilkS) (width 0.12))
    (fp_line (start -0.5 -0.68) (end 0.5 -0.68) (layer F.SilkS) (width 0.12))
    (fp_line (start -1.96 -0.7) (end 1.95 -0.7) (layer F.CrtYd) (width 0.05))
    (fp_line (start -1.96 -0.7) (end -1.96 0.7) (layer F.CrtYd) (width 0.05))
    (fp_line (start 1.95 0.7) (end 1.95 -0.7) (layer F.CrtYd) (width 0.05))
    (fp_line (start 1.95 0.7) (end -1.96 0.7) (layer F.CrtYd) (width 0.05))
    (pad 1 smd rect (at -1.1 0) (size 1.2 0.9) (layers F.Cu F.Paste F.Mask)
      (net 54 "Net-(R3-Pad1)"))
    (pad 2 smd rect (at 1.1 0) (size 1.2 0.9) (layers F.Cu F.Paste F.Mask)
      (net 55 "Net-(R3-Pad2)"))
    (model Resistors_SMD.3dshapes/R_0603.wrl
      (at (xyz 0 0 0))
      (scale (xyz 1 1 1))
      (rotate (xyz 0 0 0))
    )
  )

  (module Resistors_SMD:R_0603_HandSoldering (layer F.Cu) (tedit 58AAD9E8) (tstamp 5907B553)
    (at 68 61 180)
    (descr "Resistor SMD 0603, hand soldering")
    (tags "resistor 0603")
    (path /58FF2BBB)
    (attr smd)
    (fp_text reference R2 (at 0 -1.45 180) (layer F.SilkS)
      (effects (font (size 1 1) (thickness 0.15)))
    )
    (fp_text value 31.6k (at 0 1.55 180) (layer F.Fab)
      (effects (font (size 1 1) (thickness 0.15)))
    )
    (fp_line (start 1.95 0.7) (end -1.96 0.7) (layer F.CrtYd) (width 0.05))
    (fp_line (start 1.95 0.7) (end 1.95 -0.7) (layer F.CrtYd) (width 0.05))
    (fp_line (start -1.96 -0.7) (end -1.96 0.7) (layer F.CrtYd) (width 0.05))
    (fp_line (start -1.96 -0.7) (end 1.95 -0.7) (layer F.CrtYd) (width 0.05))
    (fp_line (start -0.5 -0.68) (end 0.5 -0.68) (layer F.SilkS) (width 0.12))
    (fp_line (start 0.5 0.68) (end -0.5 0.68) (layer F.SilkS) (width 0.12))
    (fp_line (start -0.8 -0.4) (end 0.8 -0.4) (layer F.Fab) (width 0.1))
    (fp_line (start 0.8 -0.4) (end 0.8 0.4) (layer F.Fab) (width 0.1))
    (fp_line (start 0.8 0.4) (end -0.8 0.4) (layer F.Fab) (width 0.1))
    (fp_line (start -0.8 0.4) (end -0.8 -0.4) (layer F.Fab) (width 0.1))
    (fp_text user %R (at 0 -1.45 180) (layer F.Fab)
      (effects (font (size 1 1) (thickness 0.15)))
    )
    (pad 2 smd rect (at 1.1 0 180) (size 1.2 0.9) (layers F.Cu F.Paste F.Mask)
      (net 10 GND))
    (pad 1 smd rect (at -1.1 0 180) (size 1.2 0.9) (layers F.Cu F.Paste F.Mask)
      (net 53 "Net-(R1-Pad2)"))
    (model Resistors_SMD.3dshapes/R_0603.wrl
      (at (xyz 0 0 0))
      (scale (xyz 1 1 1))
      (rotate (xyz 0 0 0))
    )
  )

  (module Resistors_SMD:R_0603_HandSoldering (layer F.Cu) (tedit 58AAD9E8) (tstamp 5907B522)
    (at 72.4 61 180)
    (descr "Resistor SMD 0603, hand soldering")
    (tags "resistor 0603")
    (path /58FF2E89)
    (attr smd)
    (fp_text reference R1 (at 0 -1.45 180) (layer F.SilkS)
      (effects (font (size 1 1) (thickness 0.15)))
    )
    (fp_text value 1M (at 0 1.55 180) (layer F.Fab)
      (effects (font (size 1 1) (thickness 0.15)))
    )
    (fp_text user %R (at 0 -1.45 180) (layer F.Fab)
      (effects (font (size 1 1) (thickness 0.15)))
    )
    (fp_line (start -0.8 0.4) (end -0.8 -0.4) (layer F.Fab) (width 0.1))
    (fp_line (start 0.8 0.4) (end -0.8 0.4) (layer F.Fab) (width 0.1))
    (fp_line (start 0.8 -0.4) (end 0.8 0.4) (layer F.Fab) (width 0.1))
    (fp_line (start -0.8 -0.4) (end 0.8 -0.4) (layer F.Fab) (width 0.1))
    (fp_line (start 0.5 0.68) (end -0.5 0.68) (layer F.SilkS) (width 0.12))
    (fp_line (start -0.5 -0.68) (end 0.5 -0.68) (layer F.SilkS) (width 0.12))
    (fp_line (start -1.96 -0.7) (end 1.95 -0.7) (layer F.CrtYd) (width 0.05))
    (fp_line (start -1.96 -0.7) (end -1.96 0.7) (layer F.CrtYd) (width 0.05))
    (fp_line (start 1.95 0.7) (end 1.95 -0.7) (layer F.CrtYd) (width 0.05))
    (fp_line (start 1.95 0.7) (end -1.96 0.7) (layer F.CrtYd) (width 0.05))
    (pad 1 smd rect (at -1.1 0 180) (size 1.2 0.9) (layers F.Cu F.Paste F.Mask)
      (net 17 VLED))
    (pad 2 smd rect (at 1.1 0 180) (size 1.2 0.9) (layers F.Cu F.Paste F.Mask)
      (net 53 "Net-(R1-Pad2)"))
    (model Resistors_SMD.3dshapes/R_0603.wrl
      (at (xyz 0 0 0))
      (scale (xyz 1 1 1))
      (rotate (xyz 0 0 0))
    )
  )

  (module TO_SOT_Packages_SMD:SOT-223 (layer F.Cu) (tedit 5883B228) (tstamp 5907B4E9)
    (at 89.2 73.2)
    (descr "module CMS SOT223 4 pins")
    (tags "CMS SOT")
    (path /58FE1E8F)
    (attr smd)
    (fp_text reference Q1 (at 0 -4.5) (layer F.SilkS)
      (effects (font (size 1 1) (thickness 0.15)))
    )
    (fp_text value ZXMP6A13GTA (at 0 4.5) (layer F.Fab)
      (effects (font (size 1 1) (thickness 0.15)))
    )
    (fp_line (start -1.85 -2.3) (end -0.8 -3.35) (layer F.Fab) (width 0.1))
    (fp_line (start 1.91 3.41) (end 1.91 2.15) (layer F.SilkS) (width 0.12))
    (fp_line (start 1.91 -3.41) (end 1.91 -2.15) (layer F.SilkS) (width 0.12))
    (fp_line (start 4.4 -3.6) (end -4.4 -3.6) (layer F.CrtYd) (width 0.05))
    (fp_line (start 4.4 3.6) (end 4.4 -3.6) (layer F.CrtYd) (width 0.05))
    (fp_line (start -4.4 3.6) (end 4.4 3.6) (layer F.CrtYd) (width 0.05))
    (fp_line (start -4.4 -3.6) (end -4.4 3.6) (layer F.CrtYd) (width 0.05))
    (fp_line (start -1.85 -2.3) (end -1.85 3.35) (layer F.Fab) (width 0.1))
    (fp_line (start -1.85 3.41) (end 1.91 3.41) (layer F.SilkS) (width 0.12))
    (fp_line (start -0.8 -3.35) (end 1.85 -3.35) (layer F.Fab) (width 0.1))
    (fp_line (start -4.1 -3.41) (end 1.91 -3.41) (layer F.SilkS) (width 0.12))
    (fp_line (start -1.85 3.35) (end 1.85 3.35) (layer F.Fab) (width 0.1))
    (fp_line (start 1.85 -3.35) (end 1.85 3.35) (layer F.Fab) (width 0.1))
    (pad 4 smd rect (at 3.15 0) (size 2 3.8) (layers F.Cu F.Paste F.Mask)
      (net 10 GND))
    (pad 2 smd rect (at -3.15 0) (size 2 1.5) (layers F.Cu F.Paste F.Mask)
      (net 10 GND))
    (pad 3 smd rect (at -3.15 2.3) (size 2 1.5) (layers F.Cu F.Paste F.Mask)
      (net 51 "Net-(Q1-Pad3)"))
    (pad 1 smd rect (at -3.15 -2.3) (size 2 1.5) (layers F.Cu F.Paste F.Mask)
      (net 52 "Net-(Q1-Pad1)"))
    (model TO_SOT_Packages_SMD.3dshapes/SOT-223.wrl
      (at (xyz 0 0 0))
      (scale (xyz 0.4 0.4 0.4))
      (rotate (xyz 0 0 90))
    )
  )

  (module TO_SOT_Packages_SMD:TO-277A (layer F.Cu) (tedit 58964B8B) (tstamp 5907B49C)
    (at 90.7 59.4 90)
    (descr "Thermal enhanced ultra thin SMD package; 3 leads; body: 5.8 x 4.3 x 0.78 mm")
    (tags "TO-277A SOT-1289")
    (path /58FF3849)
    (attr smd)
    (fp_text reference D1 (at 0 -3.45 -90) (layer F.SilkS)
      (effects (font (size 1 1) (thickness 0.15)))
    )
    (fp_text value SS3P4LHM3_A/H (at 0 5.3 -90) (layer F.Fab)
      (effects (font (size 1 1) (thickness 0.15)))
    )
    (fp_line (start 2.25 -2.49) (end 1.9 -2.49) (layer F.SilkS) (width 0.12))
    (fp_line (start -1.9 -2.49) (end -2.25 -2.49) (layer F.SilkS) (width 0.12))
    (fp_line (start -2.25 -2.49) (end -2.25 -0.74) (layer F.SilkS) (width 0.12))
    (fp_line (start 2.25 -0.74) (end 2.25 -2.49) (layer F.SilkS) (width 0.12))
    (fp_line (start 2.15 4.11) (end 2.15 -2.39) (layer F.Fab) (width 0.1))
    (fp_line (start 2.15 -2.39) (end -2.15 -2.39) (layer F.Fab) (width 0.1))
    (fp_line (start -2.15 -2.39) (end -2.15 4.11) (layer F.Fab) (width 0.1))
    (fp_line (start -2.15 4.11) (end 2.15 4.11) (layer F.Fab) (width 0.1))
    (fp_line (start 2.61 4.55) (end -2.61 4.55) (layer F.CrtYd) (width 0.05))
    (fp_line (start 2.61 4.55) (end 2.61 -2.79) (layer F.CrtYd) (width 0.05))
    (fp_line (start -2.61 -2.79) (end -2.61 4.55) (layer F.CrtYd) (width 0.05))
    (fp_line (start -2.61 -2.79) (end 2.61 -2.79) (layer F.CrtYd) (width 0.05))
    (fp_circle (center -1.75 -1.94) (end -1.85 -1.99) (layer F.Fab) (width 0.1))
    (pad 1 smd rect (at -1.04 -1.9 270) (size 1.4 1.27) (layers F.Cu F.Paste F.Mask)
      (net 17 VLED))
    (pad 3 smd rect (at 0 1.9 270) (size 4.72 4.8) (layers F.Cu F.Paste F.Mask))
    (pad 2 smd rect (at 1.04 -1.9 270) (size 1.4 1.27) (layers F.Cu F.Paste F.Mask)
      (net 1 "Net-(D1-Pad2)"))
    (model TO_SOT_Packages_SMD.3dshapes/TO-277A.wrl
      (at (xyz -0 -0.03 0))
      (scale (xyz 1 1 1))
      (rotate (xyz 0 0 -180))
    )
  )

  (module lib:LED-3030 (layer F.Cu) (tedit 58F780A0) (tstamp 5907B47D)
    (at 180 67.5 90)
    (descr "LED, 3030, 3.0mmx3.0mm")
    (tags LED)
    (path /58FFA38E)
    (attr smd)
    (fp_text reference D23 (at 0.3 -5.425 90) (layer F.SilkS)
      (effects (font (size 1 1) (thickness 0.15)))
    )
    (fp_text value LED (at 0 3 90) (layer F.Fab)
      (effects (font (size 1 1) (thickness 0.15)))
    )
    (fp_line (start -2.4 -1.675) (end -2.4 1.725) (layer F.Fab) (width 0.15))
    (fp_line (start -2.4 1.725) (end 1.5 1.725) (layer F.Fab) (width 0.15))
    (fp_line (start 1.5 1.725) (end 1.5 -1.675) (layer F.Fab) (width 0.15))
    (fp_line (start 1.5 -1.675) (end -2.4 -1.675) (layer F.Fab) (width 0.15))
    (fp_line (start -1.775 -1.9) (end 1.225 -1.9) (layer F.SilkS) (width 0.15))
    (fp_line (start -1.85 1.925) (end 1.15 1.925) (layer F.SilkS) (width 0.15))
    (fp_line (start -2.25 -1.8) (end -2.25 1.85) (layer F.CrtYd) (width 0.05))
    (fp_line (start -2.25 1.85) (end 1.8 1.85) (layer F.CrtYd) (width 0.05))
    (fp_line (start 1.8 1.85) (end 1.8 -1.8) (layer F.CrtYd) (width 0.05))
    (fp_line (start 1.8 -1.8) (end -2.25 -1.8) (layer F.CrtYd) (width 0.05))
    (pad 1 smd rect (at -1.1 0 90) (size 2 3) (layers F.Cu F.Paste F.Mask)
      (net 19 "Net-(D23-Pad1)"))
    (pad 2 smd rect (at 0.9 0 90) (size 0.9 3) (layers F.Cu F.Paste F.Mask)
      (net 29 "Net-(D22-Pad1)"))
    (model Inductors.3dshapes/Inductor_Taiyo-Yuden_MD-3030.wrl
      (at (xyz 0 0 0))
      (scale (xyz 1 1 1))
      (rotate (xyz 0 0 0))
    )
  )

  (module lib:LED-3030 (layer F.Cu) (tedit 58F780A0) (tstamp 5907B44F)
    (at 212.9 114.9 90)
    (descr "LED, 3030, 3.0mmx3.0mm")
    (tags LED)
    (path /58FFBF5A)
    (attr smd)
    (fp_text reference D48 (at 0.3 -5.425 90) (layer F.SilkS)
      (effects (font (size 1 1) (thickness 0.15)))
    )
    (fp_text value LED (at 0 3 90) (layer F.Fab)
      (effects (font (size 1 1) (thickness 0.15)))
    )
    (fp_line (start 1.8 -1.8) (end -2.25 -1.8) (layer F.CrtYd) (width 0.05))
    (fp_line (start 1.8 1.85) (end 1.8 -1.8) (layer F.CrtYd) (width 0.05))
    (fp_line (start -2.25 1.85) (end 1.8 1.85) (layer F.CrtYd) (width 0.05))
    (fp_line (start -2.25 -1.8) (end -2.25 1.85) (layer F.CrtYd) (width 0.05))
    (fp_line (start -1.85 1.925) (end 1.15 1.925) (layer F.SilkS) (width 0.15))
    (fp_line (start -1.775 -1.9) (end 1.225 -1.9) (layer F.SilkS) (width 0.15))
    (fp_line (start 1.5 -1.675) (end -2.4 -1.675) (layer F.Fab) (width 0.15))
    (fp_line (start 1.5 1.725) (end 1.5 -1.675) (layer F.Fab) (width 0.15))
    (fp_line (start -2.4 1.725) (end 1.5 1.725) (layer F.Fab) (width 0.15))
    (fp_line (start -2.4 -1.675) (end -2.4 1.725) (layer F.Fab) (width 0.15))
    (pad 2 smd rect (at 0.9 0 90) (size 0.9 3) (layers F.Cu F.Paste F.Mask)
      (net 30 "Net-(D47-Pad1)"))
    (pad 1 smd rect (at -1.1 0 90) (size 2 3) (layers F.Cu F.Paste F.Mask)
      (net 16 "Net-(D48-Pad1)"))
    (model Inductors.3dshapes/Inductor_Taiyo-Yuden_MD-3030.wrl
      (at (xyz 0 0 0))
      (scale (xyz 1 1 1))
      (rotate (xyz 0 0 0))
    )
  )

  (module lib:LED-3030 (layer F.Cu) (tedit 58F780A0) (tstamp 5907B421)
    (at 213.5 99.3 90)
    (descr "LED, 3030, 3.0mmx3.0mm")
    (tags LED)
    (path /58FFBF72)
    (attr smd)
    (fp_text reference D46 (at 0.3 -5.425 90) (layer F.SilkS)
      (effects (font (size 1 1) (thickness 0.15)))
    )
    (fp_text value LED (at 0 3 90) (layer F.Fab)
      (effects (font (size 1 1) (thickness 0.15)))
    )
    (fp_line (start -2.4 -1.675) (end -2.4 1.725) (layer F.Fab) (width 0.15))
    (fp_line (start -2.4 1.725) (end 1.5 1.725) (layer F.Fab) (width 0.15))
    (fp_line (start 1.5 1.725) (end 1.5 -1.675) (layer F.Fab) (width 0.15))
    (fp_line (start 1.5 -1.675) (end -2.4 -1.675) (layer F.Fab) (width 0.15))
    (fp_line (start -1.775 -1.9) (end 1.225 -1.9) (layer F.SilkS) (width 0.15))
    (fp_line (start -1.85 1.925) (end 1.15 1.925) (layer F.SilkS) (width 0.15))
    (fp_line (start -2.25 -1.8) (end -2.25 1.85) (layer F.CrtYd) (width 0.05))
    (fp_line (start -2.25 1.85) (end 1.8 1.85) (layer F.CrtYd) (width 0.05))
    (fp_line (start 1.8 1.85) (end 1.8 -1.8) (layer F.CrtYd) (width 0.05))
    (fp_line (start 1.8 -1.8) (end -2.25 -1.8) (layer F.CrtYd) (width 0.05))
    (pad 1 smd rect (at -1.1 0 90) (size 2 3) (layers F.Cu F.Paste F.Mask)
      (net 31 "Net-(D46-Pad1)"))
    (pad 2 smd rect (at 0.9 0 90) (size 0.9 3) (layers F.Cu F.Paste F.Mask)
      (net 50 "Net-(D45-Pad1)"))
    (model Inductors.3dshapes/Inductor_Taiyo-Yuden_MD-3030.wrl
      (at (xyz 0 0 0))
      (scale (xyz 1 1 1))
      (rotate (xyz 0 0 0))
    )
  )

  (module lib:LED-3030 (layer F.Cu) (tedit 58F780A0) (tstamp 5907B3F3)
    (at 213.4 92.1 90)
    (descr "LED, 3030, 3.0mmx3.0mm")
    (tags LED)
    (path /58FFBF78)
    (attr smd)
    (fp_text reference D45 (at 0.3 -5.425 90) (layer F.SilkS)
      (effects (font (size 1 1) (thickness 0.15)))
    )
    (fp_text value LED (at 0 3 90) (layer F.Fab)
      (effects (font (size 1 1) (thickness 0.15)))
    )
    (fp_line (start 1.8 -1.8) (end -2.25 -1.8) (layer F.CrtYd) (width 0.05))
    (fp_line (start 1.8 1.85) (end 1.8 -1.8) (layer F.CrtYd) (width 0.05))
    (fp_line (start -2.25 1.85) (end 1.8 1.85) (layer F.CrtYd) (width 0.05))
    (fp_line (start -2.25 -1.8) (end -2.25 1.85) (layer F.CrtYd) (width 0.05))
    (fp_line (start -1.85 1.925) (end 1.15 1.925) (layer F.SilkS) (width 0.15))
    (fp_line (start -1.775 -1.9) (end 1.225 -1.9) (layer F.SilkS) (width 0.15))
    (fp_line (start 1.5 -1.675) (end -2.4 -1.675) (layer F.Fab) (width 0.15))
    (fp_line (start 1.5 1.725) (end 1.5 -1.675) (layer F.Fab) (width 0.15))
    (fp_line (start -2.4 1.725) (end 1.5 1.725) (layer F.Fab) (width 0.15))
    (fp_line (start -2.4 -1.675) (end -2.4 1.725) (layer F.Fab) (width 0.15))
    (pad 2 smd rect (at 0.9 0 90) (size 0.9 3) (layers F.Cu F.Paste F.Mask)
      (net 49 "Net-(D44-Pad1)"))
    (pad 1 smd rect (at -1.1 0 90) (size 2 3) (layers F.Cu F.Paste F.Mask)
      (net 50 "Net-(D45-Pad1)"))
    (model Inductors.3dshapes/Inductor_Taiyo-Yuden_MD-3030.wrl
      (at (xyz 0 0 0))
      (scale (xyz 1 1 1))
      (rotate (xyz 0 0 0))
    )
  )

  (module lib:LED-3030 (layer F.Cu) (tedit 58F780A0) (tstamp 5907B3C5)
    (at 213.9 84.5 90)
    (descr "LED, 3030, 3.0mmx3.0mm")
    (tags LED)
    (path /58FFBF7E)
    (attr smd)
    (fp_text reference D44 (at 0.3 -5.425 90) (layer F.SilkS)
      (effects (font (size 1 1) (thickness 0.15)))
    )
    (fp_text value LED (at 0 3 90) (layer F.Fab)
      (effects (font (size 1 1) (thickness 0.15)))
    )
    (fp_line (start -2.4 -1.675) (end -2.4 1.725) (layer F.Fab) (width 0.15))
    (fp_line (start -2.4 1.725) (end 1.5 1.725) (layer F.Fab) (width 0.15))
    (fp_line (start 1.5 1.725) (end 1.5 -1.675) (layer F.Fab) (width 0.15))
    (fp_line (start 1.5 -1.675) (end -2.4 -1.675) (layer F.Fab) (width 0.15))
    (fp_line (start -1.775 -1.9) (end 1.225 -1.9) (layer F.SilkS) (width 0.15))
    (fp_line (start -1.85 1.925) (end 1.15 1.925) (layer F.SilkS) (width 0.15))
    (fp_line (start -2.25 -1.8) (end -2.25 1.85) (layer F.CrtYd) (width 0.05))
    (fp_line (start -2.25 1.85) (end 1.8 1.85) (layer F.CrtYd) (width 0.05))
    (fp_line (start 1.8 1.85) (end 1.8 -1.8) (layer F.CrtYd) (width 0.05))
    (fp_line (start 1.8 -1.8) (end -2.25 -1.8) (layer F.CrtYd) (width 0.05))
    (pad 1 smd rect (at -1.1 0 90) (size 2 3) (layers F.Cu F.Paste F.Mask)
      (net 49 "Net-(D44-Pad1)"))
    (pad 2 smd rect (at 0.9 0 90) (size 0.9 3) (layers F.Cu F.Paste F.Mask)
      (net 48 "Net-(D43-Pad1)"))
    (model Inductors.3dshapes/Inductor_Taiyo-Yuden_MD-3030.wrl
      (at (xyz 0 0 0))
      (scale (xyz 1 1 1))
      (rotate (xyz 0 0 0))
    )
  )

  (module lib:LED-3030 (layer F.Cu) (tedit 58F780A0) (tstamp 5907B397)
    (at 214.1 78 270)
    (descr "LED, 3030, 3.0mmx3.0mm")
    (tags LED)
    (path /58FFBF84)
    (attr smd)
    (fp_text reference D43 (at 0.3 -5.425 270) (layer F.SilkS)
      (effects (font (size 1 1) (thickness 0.15)))
    )
    (fp_text value LED (at 0 3 270) (layer F.Fab)
      (effects (font (size 1 1) (thickness 0.15)))
    )
    (fp_line (start 1.8 -1.8) (end -2.25 -1.8) (layer F.CrtYd) (width 0.05))
    (fp_line (start 1.8 1.85) (end 1.8 -1.8) (layer F.CrtYd) (width 0.05))
    (fp_line (start -2.25 1.85) (end 1.8 1.85) (layer F.CrtYd) (width 0.05))
    (fp_line (start -2.25 -1.8) (end -2.25 1.85) (layer F.CrtYd) (width 0.05))
    (fp_line (start -1.85 1.925) (end 1.15 1.925) (layer F.SilkS) (width 0.15))
    (fp_line (start -1.775 -1.9) (end 1.225 -1.9) (layer F.SilkS) (width 0.15))
    (fp_line (start 1.5 -1.675) (end -2.4 -1.675) (layer F.Fab) (width 0.15))
    (fp_line (start 1.5 1.725) (end 1.5 -1.675) (layer F.Fab) (width 0.15))
    (fp_line (start -2.4 1.725) (end 1.5 1.725) (layer F.Fab) (width 0.15))
    (fp_line (start -2.4 -1.675) (end -2.4 1.725) (layer F.Fab) (width 0.15))
    (pad 2 smd rect (at 0.9 0 270) (size 0.9 3) (layers F.Cu F.Paste F.Mask)
      (net 47 "Net-(D42-Pad1)"))
    (pad 1 smd rect (at -1.1 0 270) (size 2 3) (layers F.Cu F.Paste F.Mask)
      (net 48 "Net-(D43-Pad1)"))
    (model Inductors.3dshapes/Inductor_Taiyo-Yuden_MD-3030.wrl
      (at (xyz 0 0 0))
      (scale (xyz 1 1 1))
      (rotate (xyz 0 0 0))
    )
  )

  (module lib:LED-3030 (layer F.Cu) (tedit 58F780A0) (tstamp 5907B369)
    (at 214.1 70.4 90)
    (descr "LED, 3030, 3.0mmx3.0mm")
    (tags LED)
    (path /58FFBF8A)
    (attr smd)
    (fp_text reference D42 (at 0.3 -5.425 90) (layer F.SilkS)
      (effects (font (size 1 1) (thickness 0.15)))
    )
    (fp_text value LED (at 0 3 90) (layer F.Fab)
      (effects (font (size 1 1) (thickness 0.15)))
    )
    (fp_line (start -2.4 -1.675) (end -2.4 1.725) (layer F.Fab) (width 0.15))
    (fp_line (start -2.4 1.725) (end 1.5 1.725) (layer F.Fab) (width 0.15))
    (fp_line (start 1.5 1.725) (end 1.5 -1.675) (layer F.Fab) (width 0.15))
    (fp_line (start 1.5 -1.675) (end -2.4 -1.675) (layer F.Fab) (width 0.15))
    (fp_line (start -1.775 -1.9) (end 1.225 -1.9) (layer F.SilkS) (width 0.15))
    (fp_line (start -1.85 1.925) (end 1.15 1.925) (layer F.SilkS) (width 0.15))
    (fp_line (start -2.25 -1.8) (end -2.25 1.85) (layer F.CrtYd) (width 0.05))
    (fp_line (start -2.25 1.85) (end 1.8 1.85) (layer F.CrtYd) (width 0.05))
    (fp_line (start 1.8 1.85) (end 1.8 -1.8) (layer F.CrtYd) (width 0.05))
    (fp_line (start 1.8 -1.8) (end -2.25 -1.8) (layer F.CrtYd) (width 0.05))
    (pad 1 smd rect (at -1.1 0 90) (size 2 3) (layers F.Cu F.Paste F.Mask)
      (net 47 "Net-(D42-Pad1)"))
    (pad 2 smd rect (at 0.9 0 90) (size 0.9 3) (layers F.Cu F.Paste F.Mask)
      (net 17 VLED))
    (model Inductors.3dshapes/Inductor_Taiyo-Yuden_MD-3030.wrl
      (at (xyz 0 0 0))
      (scale (xyz 1 1 1))
      (rotate (xyz 0 0 0))
    )
  )

  (module lib:LED-3030 (layer F.Cu) (tedit 58F780A0) (tstamp 5907B33B)
    (at 202.4 135.2 90)
    (descr "LED, 3030, 3.0mmx3.0mm")
    (tags LED)
    (path /58FFBF1B)
    (attr smd)
    (fp_text reference D41 (at 0.3 -5.425 90) (layer F.SilkS)
      (effects (font (size 1 1) (thickness 0.15)))
    )
    (fp_text value LED (at 0 3 90) (layer F.Fab)
      (effects (font (size 1 1) (thickness 0.15)))
    )
    (fp_line (start 1.8 -1.8) (end -2.25 -1.8) (layer F.CrtYd) (width 0.05))
    (fp_line (start 1.8 1.85) (end 1.8 -1.8) (layer F.CrtYd) (width 0.05))
    (fp_line (start -2.25 1.85) (end 1.8 1.85) (layer F.CrtYd) (width 0.05))
    (fp_line (start -2.25 -1.8) (end -2.25 1.85) (layer F.CrtYd) (width 0.05))
    (fp_line (start -1.85 1.925) (end 1.15 1.925) (layer F.SilkS) (width 0.15))
    (fp_line (start -1.775 -1.9) (end 1.225 -1.9) (layer F.SilkS) (width 0.15))
    (fp_line (start 1.5 -1.675) (end -2.4 -1.675) (layer F.Fab) (width 0.15))
    (fp_line (start 1.5 1.725) (end 1.5 -1.675) (layer F.Fab) (width 0.15))
    (fp_line (start -2.4 1.725) (end 1.5 1.725) (layer F.Fab) (width 0.15))
    (fp_line (start -2.4 -1.675) (end -2.4 1.725) (layer F.Fab) (width 0.15))
    (pad 2 smd rect (at 0.9 0 90) (size 0.9 3) (layers F.Cu F.Paste F.Mask)
      (net 46 "Net-(D40-Pad1)"))
    (pad 1 smd rect (at -1.1 0 90) (size 2 3) (layers F.Cu F.Paste F.Mask)
      (net 10 GND))
    (model Inductors.3dshapes/Inductor_Taiyo-Yuden_MD-3030.wrl
      (at (xyz 0 0 0))
      (scale (xyz 1 1 1))
      (rotate (xyz 0 0 0))
    )
  )

  (module lib:LED-3030 (layer F.Cu) (tedit 58F780A0) (tstamp 5907B30D)
    (at 202.2 129.1 90)
    (descr "LED, 3030, 3.0mmx3.0mm")
    (tags LED)
    (path /58FFBF15)
    (attr smd)
    (fp_text reference D40 (at 0.3 -5.425 90) (layer F.SilkS)
      (effects (font (size 1 1) (thickness 0.15)))
    )
    (fp_text value LED (at 0 3 90) (layer F.Fab)
      (effects (font (size 1 1) (thickness 0.15)))
    )
    (fp_line (start -2.4 -1.675) (end -2.4 1.725) (layer F.Fab) (width 0.15))
    (fp_line (start -2.4 1.725) (end 1.5 1.725) (layer F.Fab) (width 0.15))
    (fp_line (start 1.5 1.725) (end 1.5 -1.675) (layer F.Fab) (width 0.15))
    (fp_line (start 1.5 -1.675) (end -2.4 -1.675) (layer F.Fab) (width 0.15))
